
2.166177165
1.194191103
1.154040249
1.046471545
1.103248410
1.257883141
1.082546334
.993912797
1.141957115
1.106787465
1.145406984
1.182464787
.930362325
.940084200
1.157091042
1.157738537
1.013341947
1.149044303
1.253276769
1.022036180
1.199750653
.911072572
1.226012985
1.195117117
1.034411734
1.230790391
1.204314414
.950918289
1.032253364
.901651571
.983836961
.928022505
1.157624062
.990565797
1.277644446
.984887579
1.058998924
1.322010276
1.323643857
1.229579551
1.150645052
1.197177911
1.121470278
1.340590648
1.167250878
1.075779351
1.177799950
1.152857684
.978189188
1.341361759
1.146345493
