
.439747710
.431935847
.514945992
.431448845
.517982123
.457848415
.407420589
.516210255
.441291476
.416206175
.508427307
.432689502
.416082277
.249382852
.374462456
.416110423
.474423583
.399523521
.474540915
.407259116
.382822918
.341021091
.407856886
.484848966
.469652530
.391549278
.441203544
.432783228
.341263090
.291114698
.500021655
.474906812
.366888192
.457889550
.332752888
.448432023
.299580761
.374414473
.457892902
.265649741
.324673535
.424476472
.405210258
.432804667
.482675092
.483034075
.521269259
.516316481
.473588770
.499712678
.466036508
