
1.501518515
1.137465130
.902316674
1.113451124
1.219704851
.897168130
.844663097
.985675946
.907044284
.891222073
.914618336
1.044587430
1.093962397
.989526563
.936123582
.886259518
.813653181
1.039890340
.812416226
.815250306
1.137465269
.915198854
.940842671
1.136017394
1.071469948
1.072981377
.966522457
.794805945
.829626178
1.091889724
.866758638
.813477391
.864019403
.981085223
.980238400
.912339422
.858804791
.879366414
.799023785
.949922775
.927055419
.788712662
1.080265518
.823998735
.869956380
.817534107
.800326181
.825617091
.872932167
.918325427
.854789349
