				
1.09812	1.12242	0.182036	0.00474843	0.020154
4.2126	0.350101	0.172523	0.0559616	0.00223592
2.33849	0.272488	0.220601	0.0115944	0.048339
5.79186	0.841484	0.482356	0.260611	0.0133321
2.97948	0.870805	0.260832	0.0519506	0.0798563
6.34877	1.39163	0.149184	0.00762337	0.00132387
3.76467	0.431786	0.547233	0.00725506	0.00685706
2.68669	1.01625	0.00784891	0.0497026	0.0101045
4.88605	0.165173	0.159832	0.161793	0.00177288
1.65047	1.44005	0.798138	0.285582	0.0176493
5.3896	0.808982	0.0380072	0.0399903	0.133199
1.62478	0.273138	0.230924	0.486588	0.0943192
4.58331	0.895051	0.0658524	0.117952	0.0314979
1.47063	0.28425	0.0971784	0.000643842	0.00205931
1.64939	0.623991	0.537168	0.0796348	0.0298919
2.70845	1.52761	0.224414	0.000949082	0.0116741
4.23327	0.193989	0.295044	0.275837	0.190011
3.66536	0.0392138	0.0174863	0.0445909	0.0618856
1.63774	0.494398	0.143687	0.0113561	0.00702239
5.42363	0.681587	0.193086	0.178012	0.00432609
2.55435	0.818108	0.0221993	0.120027	0.02132
2.97391	1.18085	0.356401	0.00970625	0.095638
3.35804	0.502034	0.29801	0.0423096	0.0378784
3.31996	0.232834	0.0389944	0.00887567	0.00418824
1.8124	2.32914	0.254441	0.0441466	0.0023529
3.59245	0.146751	1.05782	0.307039	0.00620763
0.961354	0.631253	0.0153395	0.100055	0.496214
1.95725	1.29169	0.33885	0.0896175	0.0086509
5.83279	0.299698	0.00772514	0.155175	0.388909
2.68851	0.313341	0.416117	0.0144819	0.00221784
4.52802	0.983977	0.419849	0.498739	0.0228501
2.58711	0.393483	0.180562	0.322413	0.000654383
3.98874	0.653286	0.240212	0.125718	0.00032958
4.39087	2.8019	0.131492	0.0444828	5.60103e-05
3.59287	0.525368	0.312104	0.0159367	0.000882266
3.78747	1.16902	0.171598	0.0338078	0.00106403
1.5635	0.5266	0.686931	0.113217	0.000327727
2.83528	0.174948	0.487407	0.000143878	0.0278326
1.24963	0.650174	0.0540834	0.0156655	0.00825715
7.97321	1.67045	0.636371	0.317171	0.0415586
0.221435	0.933524	0.240094	0.17021	3.93161e-05
2.39362	0.327282	0.248084	0.292456	0.0659683
1.14051	0.814086	0.126565	0.0878233	0.0809388
1.81179	3.30159	0.0102546	0.15803	0.00241133
5.44509	1.23582	0.397435	0.146858	0.00105375
5.82229	0.693749	0.191902	0.290293	0.00458054
2.1841	0.407986	0.174324	0.0162085	0.00114823
1.47334	0.798196	0.248347	0.0278618	0.00387135
0.62777	0.307868	0.130526	0.0170216	0.0149894
1.55045	0.1056	0.078985	0.00986702	0.0408103
1.3191	1.13624	0.138339	0.0201577	0.0197732
1.00975	0.083623	0.325448	0.0444258	0.000179585
3.41954	0.875414	0.304617	0.0591241	0.00985384
2.43408	0.185202	0.351603	0.0288167	0.0669784
2.05906	0.055374	0.340839	0.27168	0.0110675
5.55694	0.667006	0.729842	0.0422803	0.00768009
2.74319	0.897189	0.0193338	0.0172438	0.0290565
1.42995	0.781065	0.157593	0.21934	0.0218174
3.79238	0.713498	0.0125052	0.00245891	0.00277187
1.81145	0.149627	0.895184	0.03001	0.0218847
4.00903	0.845767	0.564079	0.0348982	0.0222079
3.63302	0.370457	0.0255154	0.0436039	0.00374459
3.7122	1.21439	0.0649992	0.299292	0.000126443
2.22594	1.41911	0.145702	0.133819	0.00746237
4.73565	0.108309	0.103755	0.0590252	0.0333516
2.26892	0.527505	0.115372	0.0746676	0.0250112
2.03595	0.526668	0.49891	0.0148531	0.0644893
1.97791	0.841577	0.625447	0.0218637	3.21849e-05
2.96193	1.59435	0.0790513	0.145985	0.164305
3.80227	0.625445	0.261444	0.0127152	0.135447
5.60257	0.659879	0.29167	0.218257	0.0135667
2.58051	2.1704	0.0157191	0.0772738	0.0942203
3.73779	1.2608	0.355915	0.000966354	0.00864735
6.0398	0.485234	0.0995711	0.0471576	0.0186944
1.09686	0.0988766	0.100672	0.166072	0.0273446
5.24088	0.688418	1.37116	0.291288	0.0479209
4.14317	0.953043	0.0716015	0.0261075	0.0430038
2.01128	0.468644	0.289312	0.240707	0.0576123
5.10148	1.03808	0.371293	0.189992	0.00422168
3.1065	1.51781	0.0339904	0.0167813	0.151737
2.03384	0.0568217	0.11994	0.0400915	0.0163188
0.308572	1.20214	0.210467	0.0834484	0.0181054
1.99869	0.254176	0.0155623	0.0918059	0.0322659
1.102	0.280218	0.0594776	0.00125901	0.0124453
1.9996	0.481119	0.258289	0.435697	0.0744496
2.29682	0.460339	0.169835	0.0283644	0.000132601
2.44361	0.865888	0.544476	0.0443844	0.000849638
2.48721	0.819997	0.27271	0.0102442	0.00208035
3.56753	0.156245	0.321078	0.209135	0.00751875
5.20646	0.634342	0.150893	0.191623	0.0899095
2.58119	0.24795	0.302065	0.26398	0.000144952
3.03849	0.953041	0.514322	0.263188	9.29836e-05
5.02161	0.24967	0.654965	0.146156	0.0835663
4.14506	0.395097	0.615241	0.201604	0.0109071
3.40579	0.324612	0.222112	0.246301	0.0984634
3.6327	0.636749	0.127696	0.0384734	0.0130051
5.50396	0.863099	0.537885	0.00396449	0.0121864
3.91302	0.337913	0.366103	0.0192705	0.00909551
3.04444	2.18832	0.224266	0.00775676	0.0600199
4.22645	0.846944	1.19279	0.158333	0.00104146
3.72942	0.460997	1.00197	0.202742	0.00136413
4.25979	0.168065	0.0412268	0.00864624	0.0246481
2.79191	0.987418	0.00592911	0.0447268	0.0291779
1.3282	0.565422	0.18592	0.0375629	0.0173456
5.43439	0.273465	0.0390145	0.0277136	0.00194698
2.27323	0.00068984	0.206087	0.0135049	0.0120883
0.756435	0.704031	0.00909786	0.0464379	0.00106573
3.56451	1.00607	0.156618	0.14428	0.00126905
1.00024	0.595864	0.252852	0.00354562	0.0246482
1.39677	0.60317	0.0555709	0.0174483	0.042887
3.59141	0.328319	0.357436	0.00482546	0.0379199
3.12848	0.0779242	0.051311	0.121573	0.00739085
5.23119	1.46133	0.959931	0.0582797	0.0303141
2.41913	1.25403	0.0397296	0.0287803	0.0176135
3.72389	0.40007	0.904829	0.0347223	0.00103605
2.21541	0.265611	0.0280343	0.0109539	0.0267329
2.22713	0.60236	0.0967352	0.286624	0.0539783
3.31772	0.184142	0.00924428	0.0563158	0.0254004
0.687104	0.0253907	0.280865	0.279775	0.00280595
1.59764	0.26952	0.295678	0.252017	0.165549
2.44459	1.17713	0.202594	0.120674	0.146692
1.72494	1.11945	0.916477	0.0171713	0.251915
1.18102	1.69529	0.136479	0.272284	0.132011
1.74652	0.899314	0.0041194	0.163217	0.0612376
0.955085	2.14042	0.264924	0.0404051	0.00868153
3.86533	1.46279	0.0729812	0.236433	0.00877386
1.08817	0.356165	0.0492075	0.213241	0.106493
1.04478	1.17706	0.362227	0.0951433	0.00150876
0.575028	0.816391	0.495374	0.141659	0.104158
0.849668	1.2563	0.206895	0.0773775	0.0464488
2.08519	0.309048	0.0299388	0.0231802	0.0244571
2.57785	0.254947	0.293687	0.0077937	0.0460009
3.96581	0.286943	0.0765503	0.432253	0.0209537
7.06753	0.794263	0.155859	0.0398303	0.000108118
3.82694	0.978217	0.187442	0.0112659	0.0648659
0.8538	0.402715	0.209261	0.156654	0.0930226
5.5287	1.31546	0.0670393	0.0075671	0.113538
3.18606	1.0167	0.0887115	0.280262	0.0708272
1.57359	1.52019	0.258111	0.0481795	0.0108739
0.944156	0.344091	0.471171	0.0907507	0.0262338
1.28805	1.26458	0.00614741	0.00409698	0.0375655
0.598285	0.691331	0.29076	0.184846	0.00682747
2.92532	1.01041	0.679802	0.0397259	0.0231345
1.80088	0.163501	0.560268	0.0624845	0.0155657
2.61284	1.12467	0.117862	0.17154	0.00156822
2.1426	0.0808369	0.51713	0.0348714	0.00204979
4.11305	0.246965	0.104651	0.109302	0.00881534
1.86316	0.482104	0.275002	0.0155932	0.0265082
4.12198	0.444691	0.00342228	0.00491077	0.0385043
1.55328	0.567995	0.0230432	0.342691	0.000720178
1.39375	2.00358	0.78105	0.160207	0.0100914
4.90691	1.84991	1.10462	0.28541	0.00915104
3.4758	0.391171	0.611156	0.471374	0.072173
4.1842	0.0648279	0.0771634	0.156181	0.0664163
4.87867	0.0412526	0.244753	0.0125091	0.0613339
1.20087	0.609177	0.222348	0.11333	0.00613599
4.5765	0.489819	0.0467177	0.0198791	0.224608
3.49199	1.65855	0.369451	0.0333688	0.0960806
1.42317	0.266043	0.0405829	0.0428718	0.0666917
1.26319	1.04195	0.157061	0.0324313	0.0260649
1.32793	0.658833	0.149346	0.241856	0.00283452
4.30081	1.69472	0.246318	0.136841	0.0784971
2.2981	0.13797	0.300276	0.145973	0.000306998
0.238372	0.0180807	0.519137	0.000462088	0.00485473
3.93709	0.628897	0.534428	0.00413264	0.0020502
0.998428	0.540985	0.106774	0.0252835	0.100227
2.28609	0.818228	0.0747056	0.556489	0.124277
4.54104	0.292776	0.0977206	0.0130441	0.00334424
1.54186	0.0778086	0.26498	0.12723	0.0168822
2.04311	0.416732	0.166692	0.0744642	0.14153
6.21301	0.807125	0.508453	0.2308	0.00616695
2.66845	0.41248	0.261561	0.0182987	0.0358789
1.96797	0.433625	0.485711	0.0634907	0.184774
2.01559	0.136783	0.151318	0.0190764	0.0328698
2.93112	1.34462	0.152078	0.0935096	0.00221137
2.55382	1.28594	0.752518	0.0670468	0.0714461
0.975727	1.46293	0.0348919	0.000217821	0.0236906
2.36342	0.690696	0.538994	0.0877863	0.00680921
4.93111	0.784797	0.142945	0.132926	0.00138107
5.11608	1.17791	0.0620369	0.18732	0.268012
1.87914	0.613783	0.0202776	0.133833	0.519401
3.05835	0.849798	0.611134	0.00412428	0.0592117
4.20481	0.690746	0.120573	0.0156571	0.292832
4.21139	0.375558	0.00452151	0.0259062	0.00815663
5.37869	0.42994	0.0357274	0.03225	0.025545
4.80204	1.04962	0.040161	0.00919645	0.00666171
3.77836	0.60326	0.0247585	0.115624	0.0024922
4.36684	0.989204	0.356434	0.136021	0.0633757
3.20992	0.31955	0.088049	0.552385	0.368157
4.42465	0.113363	0.415348	0.0015994	0.00100698
1.30271	0.843814	0.548936	0.231263	0.00703569
1.11488	0.308632	0.104303	0.0859076	0.075812
2.50359	1.006	0.473553	0.0936735	0.0414275
2.10903	0.563602	0.5425	0.000143048	0.0142503
1.08634	0.954329	0.162664	0.0123996	0.015988
0.557191	0.405537	0.433143	0.0369885	0.0197601
3.42162	2.46106	0.0840641	0.00606025	0.0642565
2.40549	2.22208	0.0181705	0.00435068	0.00404832
2.25532	1.68406	1.2799	0.0448035	0.0978545
2.27645	3.39833	0.503993	0.0650701	0.00644205
0.70795	0.485835	0.12172	0.0192668	0.272378
1.77674	0.289227	0.48443	0.305117	0.178677
1.57008	1.58005	0.136037	0.0602935	0.0570829
2.31145	1.58869	0.103573	0.165299	0.000922382
4.47831	0.998292	0.0611869	0.371175	0.147153
2.45106	0.728278	0.144684	0.177308	0.0265336
2.84686	1.24808	0.0241086	0.18707	0.0496006
1.80318	1.02039	0.384594	0.00759604	0.00199361
4.71493	0.173038	0.0134156	0.0377876	0.0860168
4.05096	0.471439	0.0910681	0.0561218	0.00434802
4.99948	0.598903	0.105332	0.0392193	0.156089
1.20681	0.788869	0.422304	0.00180145	0.0263908
1.58805	0.91024	0.908623	0.00242966	0.29202
4.3006	0.361275	0.766336	0.040517	0.00109234
0.383124	1.7546	0.406734	0.207357	0.000140866
2.00416	0.30467	0.083953	0.137048	0.0303661
2.92626	0.197747	0.0299481	0.103026	0.00204428
1.46567	1.67624	0.167732	0.145976	0.129032
2.58883	1.54298	0.111073	0.162278	0.00736139
3.62362	1.56053	0.048505	0.000703286	0.0715162
7.75915	1.20812	1.88239	0.139833	0.0120268
3.30817	1.19001	0.0175435	0.0832293	0.115503
4.17929	2.14586	0.00657563	0.0346915	0.00410869
4.33761	0.73108	0.0556519	0.0521913	0.0332012
0.387251	0.680789	0.0473644	0.30119	0.00775798
1.12475	1.76318	1.43258	0.0165067	0.0464992
2.69565	0.94733	0.125866	0.260148	0.00963388
1.46092	0.335128	0.240423	0.121888	0.00698962
4.03099	0.45734	0.259765	0.00981511	0.00187516
1.4127	0.199109	0.444402	0.067697	0.0713418
2.6068	0.688852	0.638024	0.167853	0.0960214
3.19122	0.212375	0.087229	0.112261	0.00981869
4.32744	2.64846	0.09477	0.0587448	0.0131687
5.9256	0.474384	0.0134681	0.00496895	0.0131548
4.1735	0.546525	0.0435314	0.042204	0.00233816
3.07372	1.2257	0.242639	0.0703769	0.000887049
0.365072	0.441361	0.132165	0.0368266	0.0129193
3.72772	0.487965	0.254306	0.335768	0.0403923
1.22016	0.18322	0.225987	0.421714	0.000212194
3.90849	0.0651315	0.240083	0.0128518	0.0322345
2.99273	0.786647	0.0572082	0.00452235	0.0160818
1.53397	4.10907	0.0984363	0.0247813	0.00810311
1.00278	0.230256	0.174951	0.0776592	0.00666236
2.8519	0.366559	0.00482881	0.218464	0.0068995
3.77732	1.35436	0.665184	0.10629	0.0131407
0.702696	0.332005	1.07344	0.168568	0.00979963
4.32337	0.912573	0.226722	0.0665686	0.0142285
5.59651	1.82673	0.435438	0.202947	0.0791793
1.29992	0.470032	0.484245	0.349442	0.00902995
2.64827	1.41618	0.212845	0.039896	0.00297171
3.96081	0.32458	0.17556	0.000611985	0.00603692
2.78379	0.0953603	0.173792	0.0338938	0.00100133
3.1694	0.581207	0.0874943	0.08305	0.00180964
0.550969	0.850568	0.236622	0.0607815	0.00784395
3.86172	1.09185	0.185586	0.00184667	0.0146526
1.52658	1.3227	0.162695	0.0385536	0.050253
2.73067	0.164456	0.896657	0.0174919	0.0822155
8.17143	2.62362	0.174141	0.234336	0.00678945
4.2993	0.823797	0.472897	0.00749065	0.00163697
0.653436	0.368239	0.181292	0.0813837	0.00205472
4.8957	0.772174	0.026342	0.0503287	0.0606208
7.22353	0.445043	0.271508	0.0255341	0.034463
2.55094	0.129439	0.145892	0.0464886	0.0316635
5.25799	0.422551	0.0926251	0.00524177	0.030667
2.06755	0.156497	0.812724	0.055768	0.000325517
1.48332	1.43975	0.464433	0.0338484	0.016484
4.30278	0.364488	1.25375	0.0684965	0.00204661
1.66891	0.885817	0.242181	0.0462331	0.00635283
5.20805	0.662656	0.221919	0.0325155	0.0545456
1.85497	0.423726	0.628369	0.0205489	0.00912642
1.29552	0.920925	0.604196	0.0115929	0.000232253
9.34017	0.768513	0.331521	0.435823	0.000165884
3.35638	0.344634	0.588204	0.0251187	0.0558989
0.826088	0.42079	0.161322	0.0109129	0.015429
3.80612	1.62673	0.556695	0.191655	0.037483
1.38653	1.44249	0.0550574	0.145985	0.00261735
3.88616	0.219483	0.261444	0.000976604	0.028128
2.18835	2.16003	0.08503	0.0639842	0.0275578
1.3367	0.622479	0.0386303	0.00996136	0.0195912
5.05067	0.633577	0.356159	0.181309	0.00726094
3.17833	1.597	0.403987	0.128715	1.75094e-05
4.52585	0.0630792	0.00341276	0.186765	0.0452565
1.33596	0.574206	0.0668178	0.10404	0.0587047
1.25644	0.239929	0.0105573	0.135244	0.208087
2.26219	1.01874	0.713503	0.107856	0.0643914
0.827293	0.640779	0.343649	0.851843	0.17541
5.02785	2.14214	0.121786	0.000581889	0.24902
6.58211	0.760642	0.143421	0.00118053	0.0247862
2.81163	1.32316	0.122227	0.00236594	0.0642829
2.77826	1.55798	0.411276	0.0567086	0.0447581
1.4615	1.70936	0.305543	0.0185357	0.0758789
3.5575	1.13394	0.243326	0.294518	0.00827143
5.83412	0.61058	0.137674	0.0268118	0.00625444
3.62411	0.632246	0.296609	0.252945	1.53329e-05
2.25109	2.52123	0.0601916	0.0130476	0.0145404
2.09696	0.0811456	0.0627952	0.200759	0.00750686
2.40395	0.556822	0.128214	0.0339948	0.00662615
2.12531	0.120656	1.84927	0.000889402	0.000808929
4.35518	0.246668	0.114638	0.0354917	0.129228
2.65429	0.469249	0.021503	0.058928	0.00697329
0.986937	0.451126	0.466987	0.257232	0.15231
2.38513	0.470821	1.14209	0.0356776	0.000280658
0.663709	1.53123	0.173627	0.0998191	0.0423981
3.01178	2.04203	0.091811	0.00525467	0.0773038
2.62527	0.761418	0.828259	0.00679403	0.0252096
1.83295	0.583409	0.0132355	0.131158	0.0138699
1.32626	0.804427	0.299575	0.0278527	0.00741793
2.28159	0.554854	0.110936	0.0292647	0.00389977
2.90492	1.09714	0.583621	0.587383	0.0171499
1.36255	1.04686	0.195864	0.512093	0.00845401
0.695676	1.16895	0.0107378	0.0710919	0.11588
1.2789	0.511993	0.00423712	0.0314644	0.000524896
0.125455	0.151739	0.219737	0.0432629	0.0788508
2.78676	0.595092	0.0223731	0.288777	0.0627137
1.40841	0.483308	0.399371	0.00329145	0.00688126
2.85979	2.57504	0.0868696	0.387269	0.00223645
4.93648	1.34047	0.991684	0.331129	0.00232556
5.45485	0.0683196	0.46553	0.0404277	9.28749e-05
1.74624	1.82821	0.0739496	0.00137373	0.269937
3.03186	0.554964	0.51357	0.0110789	0.0530539
1.56327	0.705109	0.0360003	0.158908	0.00457468
3.62022	2.99464	0.213023	0.00664746	0.00604433
1.57995	0.213023	0.316022	0.216624	0.0183679
5.48392	1.06706	0.367379	0.149036	0.000969633
0.353041	0.981697	0.261632	0.0310802	0.0464039
0.711494	0.0597147	0.664167	0.0159747	0.0277145
3.97104	0.803719	0.453971	0.0799817	0.0106849
5.47067	1.73134	0.0788316	0.24581	0.0348282
2.99895	1.46237	0.0779453	0.023196	0.00236416
2.32436	0.843694	0.0878418	0.08386	0.0234484
0.500613	1.54814	0.717235	0.198548	0.10977
3.45093	0.967992	0.893752	0.125748	0.058833
4.75363	0.4156	0.165511	0.0129406	0.00173737
2.2146	1.91485	0.0679371	0.205655	0.0181421
2.38778	0.626852	0.0498964	0.0581897	0.0372435
2.78159	1.07913	0.0287823	0.0194434	0.0247909
1.40737	0.692397	0.496405	0.00476728	0.00132008
4.55562	0.931793	0.233138	0.0483126	0.0427396
1.18587	1.23969	0.142406	0.00838417	0.0281506
4.63621	0.617298	0.0422942	0.00186715	0.00129635
3.88054	0.246615	0.124695	0.0984996	0.00417081
2.4029	0.91145	0.271767	0.143531	0.00432281
5.74137	1.24965	0.193092	0.000374115	0.00120366
3.60933	0.491672	1.69194	0.370799	0.00569218
3.12704	0.331611	0.11898	0.0564361	0.00088191
2.72822	0.55346	0.202623	0.27084	0.00063521
2.94396	1.12569	1.68509	0.0368657	0.0386031
5.89415	0.873314	0.010326	0.0438991	0.00116701
2.06661	0.251119	0.682816	0.0145284	0.00267833
2.21562	0.514575	0.722037	0.0683168	0.0540971
1.43913	1.79209	0.260799	0.0853937	0.359616
2.89415	0.574525	0.333421	0.00557128	0.0540084
2.03809	0.302569	0.22153	0.00177035	0.000335694
3.06726	0.620337	0.0245494	0.0546659	0.0011202
4.4696	1.12311	0.105973	0.0139632	0.000340601
3.61999	1.28756	0.0895499	0.00136897	0.0303752
1.4092	1.2884	0.31299	0.478108	0.169835
2.23571	0.246123	0.0381386	0.308487	0.00162561
2.42316	1.46037	0.105886	0.0314377	0.00727462
3.4759	0.39813	0.173573	0.102024	0.00292717
1.53417	0.254228	0.415019	0.260796	0.00880814
1.85023	1.18427	0.429791	0.172758	0.00131278
0.719298	0.338102	0.271018	0.00914821	0.00926321
1.0474	0.0823492	0.140901	0.165092	0.0447249
2.58603	0.344844	0.00901682	0.0756299	0.00598153
1.72807	0.245466	0.159208	0.0181172	0.0368113
5.56754	1.07119	0.355394	0.0316632	0.00618574
1.78138	1.04986	1.2388	0.000305671	0.61008
0.963242	1.04248	0.12771	0.0120723	0.206917
2.8225	1.53762	0.0667698	0.016593	0.0998378
2.80135	0.822566	0.267928	0.00253404	0.0467372
3.96241	2.42385	0.620011	0.0122287	0.0381937
1.33684	0.681531	0.250812	0.0101295	0.00687472
1.86318	1.32823	0.0840049	0.0635193	0.0473735
4.5459	1.37822	0.0578686	0.174809	0.00510016
1.27614	0.415252	0.112962	0.0162931	0.00982377
1.83443	2.41254	0.0863819	0.121678	0.00239767
3.11919	0.493825	0.303328	0.00906994	0.00379342
2.54044	0.215125	0.251883	0.0983383	0.00607521
4.23879	1.5528	0.156456	0.0199674	0.031799
2.57553	0.237349	0.0977514	0.249578	0.0267768
5.66774	0.174469	0.0502621	0.0341405	0.0256353
4.16977	0.797291	0.116852	0.00330941	0.0567744
2.61934	0.169063	0.974251	0.0244394	0.00300314
5.98718	0.292133	0.331143	0.0625912	0.0604952
2.12467	0.64046	0.206487	0.0415298	0.096929
3.72911	0.951747	0.187116	0.0589519	5.20546e-05
3.65504	0.37487	0.16874	0.0314934	0.000573915
2.13241	0.917042	0.0908993	0.514878	0.0577201
2.18194	0.625619	0.543733	0.0184904	0.0477953
1.46558	0.333578	1.15234	0.00504676	0.0180326
0.605246	1.18806	0.1971	0.0483787	0.00738706
2.49358	3.07892	0.353562	0.0438821	0.00359777
2.28993	1.07341	0.718815	0.0318702	0.000446667
2.8977	0.134624	0.107817	0.0601961	0.0209464
3.38922	0.576112	0.310403	0.090801	0.0108412
2.94485	0.944407	0.0941839	0.0422309	0.00232767
4.31388	1.02471	0.290095	0.022541	0.0434221
1.57775	0.254893	0.0389183	0.0396002	0.00922893
1.91236	0.537248	0.31239	0.0687856	0.0630326
3.04587	0.345579	0.131065	0.195654	0.0845498
2.25258	0.207529	0.291195	0.0648279	0.00206158
2.43192	1.36444	0.129357	0.0919831	0.0230628
3.06853	2.28803	0.115762	0.00470434	0.281941
1.16436	0.563847	0.49912	0.155907	0.00618108
3.35153	0.876135	0.978992	0.21703	0.0257479
1.05584	0.133777	0.00409823	0.0112791	0.133682
3.49111	2.20378	0.290348	0.0918047	0.0740265
1.52465	1.46363	0.294008	0.0105603	0.0107529
3.35017	0.28511	0.13117	0.0269109	0.133466
2.47433	0.77482	0.141094	0.0298118	0.270076
6.04379	0.89654	0.127009	0.217545	0.00957603
6.40691	0.847695	0.120045	0.166471	0.00645866
1.4317	0.27568	0.0856845	0.0657139	0.000758744
5.71293	1.85345	0.0131662	0.0192119	0.0144028
1.22024	0.640871	0.0077763	0.0607941	0.05479
4.46044	0.89509	0.241738	0.0491186	0.0923778
7.92758	1.3329	0.0361387	0.384062	0.0840275
2.18863	0.140464	0.00447147	0.298656	0.000944377
2.7938	1.50787	0.0167468	0.0183833	0.0459347
1.51047	0.0346851	0.0880614	0.0214072	0.0761883
3.85704	0.810414	0.00781937	0.0485299	0.105638
5.10853	0.509696	0.10725	0.213509	0.00236636
1.21676	0.3882	0.116732	0.38237	0.00209249
4.61583	0.677734	0.0208637	0.319378	0.207153
1.87882	0.460948	0.997841	0.05361	0.016038
0.790588	0.683016	0.700792	0.270935	0.0706804
2.80031	0.53492	0.00535713	0.349869	0.010492
2.9447	1.41135	0.186588	0.0682978	0.0969392
4.83628	0.351215	0.0929186	0.140287	0.0732844
0.282533	0.746535	0.806098	0.0109885	0.000656641
2.847	0.520459	0.317352	0.102785	0.0199404
2.46972	0.0422897	0.231756	0.213966	0.139154
4.07586	0.236669	0.12932	0.0163916	0.107788
2.46325	1.12205	0.10958	0.0408708	0.366855
6.09331	0.726379	0.320232	0.646652	0.0153843
2.46316	1.23353	0.485185	0.0236177	0.0562809
3.69649	0.507573	0.023554	0.175106	0.0185013
1.9188	0.182619	0.437692	0.103075	0.130629
4.75052	0.41583	0.362798	0.0572486	0.000100886
2.25074	1.08812	0.468291	0.32411	0.0191002
1.09396	0.995631	0.16166	0.0149305	0.018161
0.863464	1.05727	0.264769	0.061884	0.0024172
5.94141	0.443468	0.136864	0.100398	0.397513
0.796546	0.172474	0.168711	0.293005	0.0286527
5.68643	0.142348	0.15895	0.356001	0.0192648
4.98249	0.189904	0.196399	0.00993244	1.61139e-05
1.98742	0.403662	0.363588	0.0601947	0.000888456
2.52682	0.119955	0.164954	0.0930707	0.00588237
2.28107	0.406643	0.0156289	0.229806	0.000985228
6.81003	0.30639	0.13273	0.0344759	1.3273e-05
1.66221	0.936116	0.741593	0.0765379	0.025268
4.91836	0.316128	0.181774	0.0520291	0.0801053
3.48555	1.43627	0.0740865	0.0160029	0.0595648
4.27243	1.56261	0.283161	0.0378686	0.066071
3.20089	1.08301	0.0573749	0.103747	0.000258889
6.8543	0.836576	0.0810314	0.0387658	0.0236131
7.81454	0.0692465	0.0531397	0.016824	0.0001057
4.24842	0.279883	0.105143	0.0619687	0.0798849
2.04517	0.86161	0.333626	0.0595581	0.299834
1.69328	1.30604	0.0960869	0.0513149	0.0042631
2.83103	0.202999	0.313606	0.148684	0.0183547
1.98863	0.608043	0.653029	0.0162763	0.124018
3.30792	0.199453	0.137341	0.499163	0.00199089
0.977046	1.61313	0.0678827	0.0993471	0.00640388
2.49815	1.06154	0.0980124	0.00611779	0.00270816
4.20402	2.31624	0.122158	0.0198708	0.265013
1.07403	1.06589	0.0476071	0.132817	0.0973131
1.48491	2.10266	0.475093	0.0102306	0.0112997
2.40612	1.60825	0.0679388	0.0490475	0.0529394
3.15217	0.286565	0.293602	0.207028	0.000279142
5.24184	1.1425	0.0210537	0.232172	0.000309552
1.0821	0.518161	0.257072	0.0499026	0.00107641
0.723363	1.55256	0.0623142	0.00422874	0.0098474
1.38582	0.00650988	0.019636	0.0182915	0.169207
4.18377	0.131599	0.290947	0.480097	0.0140586
1.32936	0.900772	0.302963	0.0585271	0.00720255
1.85685	0.506362	1.01057	0.0161528	0.0441617
2.83244	0.379055	0.124406	0.20955	0.0669599
1.65275	0.682147	0.399375	0.0698774	0.0208558
2.34623	0.232853	0.207082	0.0519884	0.0607658
2.67057	0.550509	0.184995	0.182833	0.0417275
1.81106	0.279108	0.758413	0.159036	0.218002
5.39384	1.46106	0.101015	0.0755745	0.00229574
3.45428	1.34193	0.817074	0.0117402	0.0483939
4.94006	0.759922	0.0221409	0.0529818	0.0227989
1.49114	0.250148	0.289526	0.0160751	0.198326
5.11577	0.679202	0.412382	0.0281503	0.0402266
0.863822	1.2956	0.0569271	0.0223283	0.0394511
2.11306	0.54127	0.00529308	0.0888891	0.00134096
1.76642	0.657311	0.247374	0.451759	0.0453265
5.86073	1.05027	0.222207	0.0820801	0.00634572
1.65427	0.145914	0.667428	0.0132011	0.0251372
1.89708	0.563444	0.0688373	0.164094	0.000231237
2.42639	0.202925	0.00367351	0.00987767	0.000276156
3.27601	0.294364	0.168366	0.0426548	0.205431
2.86657	0.454967	0.94664	0.297657	0.0247958
5.68976	0.919916	0.0737225	0.0181049	0.0393155
4.41893	0.533031	0.354839	0.0195861	0.00516315
3.82912	0.637671	0.240862	0.0136372	0.00025332
5.43146	0.279935	0.059127	0.208322	0.0136523
2.84733	0.852566	0.0932101	0.00994072	0.0628238
2.68528	0.247718	0.0858784	0.00744069	0.0794465
2.19674	2.31543	0.0168595	0.284597	0.0129659
1.6846	1.19135	0.195267	0.0399737	0.149324
3.55035	1.21777	0.0927129	0.0204077	0.174811
4.55338	2.99194	0.455428	0.00432722	0.150977
3.80412	1.28939	0.460552	0.0429565	0.00100607
3.26465	1.62999	0.129739	0.125669	0.0050149
3.89653	0.255887	0.079824	0.0443235	0.019182
1.19279	0.186546	0.0526481	0.154298	0.0112618
1.69484	0.541541	1.61493	0.0387378	0.0037548
2.05065	0.349526	0.624516	0.178014	0.12375
1.26555	0.200985	0.0252495	0.0072386	0.0643374
2.90391	2.06867	0.55705	0.00964447	0.000117549
2.92867	0.880709	0.0782704	0.133478	0.0236473
0.449293	0.283474	0.209367	0.071481	0.00238243
1.35709	0.393939	0.219456	0.0404703	0.00305477
3.40737	0.687328	0.79516	0.245645	5.47151e-05
3.46003	0.864583	0.0325058	0.147352	0.000736146
3.71439	0.761544	0.0222391	0.0515267	0.000167716
1.58481	0.346193	0.147058	0.286718	0.00849577
1.12847	2.725	0.500612	0.0546613	0.126562
2.52647	0.561226	0.350701	0.0202551	0.00505027
5.2698	0.115966	0.0160798	0.0466441	0.0292008
4.2644	0.0747773	0.0548468	0.243474	0.0285668
1.5452	0.120486	0.378972	0.014209	0.0467408
0.49131	0.0498662	0.550164	0.103557	0.00632468
4.80735	1.52656	0.43268	0.0214356	0.0397843
3.35721	0.738415	0.152331	0.183008	0.00674014
1.00466	2.20735	0.202354	0.0365067	0.0490764
2.3276	0.190666	0.27639	0.00435161	0.0383474
1.93445	0.153133	0.00659996	0.318301	0.000130123
2.57066	1.36756	0.138121	0.00518655	0.0417624
1.45136	0.779148	0.435185	0.128467	0.110148
2.59021	1.0805	0.149598	0.0303218	0.0933452
4.05856	0.295192	0.0853915	0.0873525	0.0214965
6.98743	0.0981844	0.278883	0.00343244	0.000462412
3.918	0.871523	0.435188	0.115655	0.00287184
3.4434	0.172543	0.485394	0.0151486	0.021863
2.92354	1.5628	0.0103736	0.0074446	0.00763882
1.22677	0.370834	0.491626	0.0505691	0.0144686
3.0671	0.572419	0.0221969	0.102771	0.029985
1.51421	1.05107	0.15648	0.000411549	0.011655
3.99262	1.10656	0.0792506	0.0342274	0.0110578
1.57289	1.08167	1.68638	0.14419	0.00205777
5.66304	0.915867	0.587479	0.0169098	0.0027226
4.23148	0.429003	0.102649	0.287043	0.105118
3.09639	0.356273	0.0686298	0.0221781	0.0364707
4.26357	0.634607	0.363469	0.0357663	0.0149481
1.89524	0.150498	0.144154	0.0141387	0.0180044
1.1944	0.0675462	0.689444	0.00911793	0.0662249
4.43978	0.345165	0.305207	0.0194905	0.0239019
1.75757	0.348242	0.338194	0.229604	0.0315954
2.30491	0.940153	0.24068	0.0170432	0.000873092
2.78206	1.55988	0.00991052	0.0227738	0.000309977
2.71991	0.612156	0.0958464	0.00138137	0.0141654
1.57971	0.0671368	0.723541	0.0223827	0.0341636
1.72606	0.322941	0.118412	0.0182665	0.0117982
3.90465	0.0823698	0.254809	0.00993946	0.0368135
6.00118	1.41874	0.970391	0.0168111	0.203722
2.60601	0.422792	0.423544	0.308476	0.000979336
1.44551	0.552707	0.0217815	0.0209404	0.120934
2.58566	1.03181	0.0699737	0.121616	0.00011467
3.76494	0.14752	0.228762	0.0173686	0.0359889
2.13052	0.331674	1.08306	0.00243884	0.000338198
5.53067	0.198222	0.517937	0.073619	0.00463566
4.79301	0.358198	0.529911	0.0656707	0.124635
1.99534	0.12545	0.112518	0.421386	0.0216531
2.45811	0.976371	0.0407235	0.0467756	0.208924
3.68591	0.413072	0.376213	0.101491	0.00574974
1.60241	0.825518	0.426391	0.101174	0.0290953
3.55334	0.750416	0.206398	0.248913	0.00134422
1.40066	0.755283	0.144574	0.168296	0.0659976
0.935752	0.540883	0.470532	0.0910366	0.185765
3.47218	0.559759	0.0950112	0.145703	0.0041624
4.89072	0.304486	0.0370704	4.03571e-05	0.000871589
1.76807	1.13003	0.143452	0.00592015	0.0319175
3.88892	1.27068	1.14956	0.214527	0.000147946
2.56764	1.73538	0.4945	0.393174	0.024753
1.12602	0.0915819	0.00617796	0.0708736	0.292353
3.65834	0.564513	0.0787463	0.240802	0.0189851
2.53757	0.114819	0.171981	0.0615786	0.301578
3.6262	0.121683	0.102979	0.0114156	0.0136457
1.54305	0.626087	0.600592	0.0219821	0.00014663
4.19041	0.413433	0.151951	0.10658	0.0104325
3.84456	1.18514	0.0407876	0.175408	0.0025619
4.04223	0.703685	1.28909	0.0278606	0.0145446
2.13088	0.287933	0.235975	0.0692888	0.495747
4.11737	0.21795	0.0249068	0.72734	0.0245581
1.62567	0.319265	0.451203	0.127314	0.0320716
2.75431	0.499977	0.17402	0.0189496	0.00921832
1.92127	0.149548	0.261802	0.00135522	0.000127002
1.30374	0.803007	0.0560745	0.0125935	0.00811007
0.791616	0.649011	0.243786	0.449386	0.000185624
2.32113	1.89032	0.405983	0.0670618	0.0531983
2.5151	2.30715	0.137319	0.143356	0.446166
3.60631	1.48204	0.0118122	0.0185936	9.72993e-05
2.70214	4.06537	0.509354	0.127144	0.00308492
3.90534	0.331812	0.0941537	0.0583019	0.0318413
2.87428	0.190542	0.0134747	0.0807947	0.0027696
2.3742	0.914683	0.924289	0.0884806	0.231719
1.74364	0.228444	0.633893	0.165485	0.00597725
2.04782	0.422098	0.370461	0.0228503	0.00120423
1.06419	0.212443	0.224204	0.133249	0.0226147
1.16158	0.767722	0.281844	0.0628771	0.0435909
1.48123	0.177831	0.373253	0.0561191	0.035181
1.4924	0.548303	0.041018	0.127421	0.0204589
2.26364	0.741057	0.237354	0.24968	0.0730213
3.56727	1.20085	0.241638	0.0521964	0.0497039
1.48736	0.898119	0.166828	0.255014	0.0998794
4.10941	2.52877	0.222898	0.0163672	0.457909
5.50572	0.143308	0.142178	0.0279567	0.0268094
1.85122	0.358708	0.418975	0.021951	0.000990177
1.88277	0.538053	0.708085	0.0633353	0.0242736
3.0766	1.06483	0.126235	0.0538549	0.0287684
2.42205	0.0390175	0.0853607	0.0849144	0.000901105
2.36929	0.161446	0.000705693	0.0232713	0.00463615
5.50496	3.51745	0.133224	0.250571	0.0281429
2.12565	1.8059	0.00278896	0.214993	0.0489146
1.4615	0.429431	0.15196	0.128796	0.000445897
1.81515	0.645572	0.0162814	0.0310252	0.0466316
6.63122	0.954311	0.146221	0.448085	0.000128221
5.24115	0.218749	0.918809	0.187788	0.00767389
4.40821	0.603783	0.0494446	0.00103651	0.096807
3.80224	1.01998	0.117789	0.120461	0.00852382
1.30899	1.08695	0.604806	0.0752822	0.0015369
2.95656	0.368661	0.0863606	0.0496935	0.0348856
2.72603	0.547923	0.144271	0.293247	0.0132267
3.35408	0.443137	0.23734	0.0343231	0.00921519
5.70073	0.498224	0.00432264	0.043408	0.0077206
4.11709	0.290355	0.0296147	0.0355443	0.0195192
5.1443	2.36483	0.0359737	0.101322	0.00589892
2.20044	0.961108	0.231621	0.0137304	0.00353232
2.92196	0.976154	0.458545	0.0236223	0.0104296
1.95331	0.0663643	0.197573	0.0465795	0.0646984
2.32367	1.51077	0.104388	0.00596544	0.0372179
4.23132	0.397884	0.217906	0.182173	0.00212407
1.78612	0.608587	0.45119	0.00879196	0.00180865
2.72183	0.685552	0.227535	0.0349717	0.007437
5.12391	1.60318	0.127203	0.00622654	0.00572182
1.21039	0.485312	0.054243	0.196804	0.133251
9.57691	1.0448	1.58222	0.0971201	0.245148
1.90344	0.29813	0.0200019	0.193315	0.0075696
3.59055	1.17376	0.461662	0.0252479	0.00205071
5.78998	0.718194	0.206749	0.166376	0.000579801
1.96068	0.130781	0.133233	0.0409805	0.0283208
3.79108	1.33668	0.151118	0.000302309	0.0686745
4.29713	0.893996	0.0866528	0.656957	5.54829e-05
8.29854	0.236109	0.234893	0.532469	0.000659865
1.00881	0.361742	0.301788	0.0778697	0.0016785
3.86465	0.967597	0.0410969	0.0305105	0.0240239
0.834489	1.57198	0.127462	0.0312243	0.082109
1.10132	0.0739122	0.0537044	0.473546	0.00653909
5.47334	0.318132	0.737623	0.0496804	0.00334485
2.51452	0.481265	0.0195094	0.0536777	0.00249864
0.312911	0.743307	0.162786	0.110402	0.0160756
0.525031	0.483937	0.0782045	0.134362	0.0181988
1.09233	0.454902	0.351952	0.0308924	0.0151925
3.28005	0.422183	0.706875	0.0409139	0.057335
3.02339	0.352907	0.988193	0.00111094	0.0153545
1.94066	0.224201	0.235644	0.363022	0.00647677
2.75361	1.02407	0.19057	0.104079	0.119479
0.999604	1.02619	0.148054	0.0374857	0.000848236
3.03374	1.29681	0.429148	0.0104216	0.0269722
1.09412	0.724524	0.1021	0.278565	0.0376896
5.13239	0.860038	0.437731	0.00359405	0.0546896
4.65483	0.874873	0.120653	0.173815	0.011594
1.97438	0.365466	0.805733	0.0782536	4.07068e-05
3.1604	0.497251	0.00767595	0.210514	0.094658
1.28173	0.296328	0.164816	0.0270845	0.000410545
1.04628	0.442037	0.0644948	0.280531	0.00594906
3.91222	0.992907	0.287356	0.0300932	0.0901928
1.72361	0.612731	0.361425	0.109223	0.123688
2.41176	0.417006	0.876232	0.638511	0.00057824
3.85555	1.87039	0.499319	0.087072	0.00310815
4.23236	0.612717	0.0577718	0.0207921	0.00565252
1.6995	0.989878	0.217135	0.0412013	0.00998562
5.02103	1.74942	0.00825344	0.0867335	0.00220314
1.46228	0.586991	0.0255759	0.0276412	0.0301364
2.8662	0.292287	0.8638	0.0393904	0.0926763
1.76297	0.618317	0.269164	0.181051	0.00646627
1.73486	0.125408	0.497626	0.239544	0.00771739
2.18113	0.296822	0.24419	0.00166368	0.00390639
5.07252	0.436253	0.205559	0.21365	0.0608146
5.05436	0.486555	0.0351966	0.012076	0.00270058
3.60367	1.44532	0.414112	0.136399	0.0185779
3.02798	0.326632	1.17853	0.0586805	0.142878
1.91267	1.77218	0.00848933	0.074772	0.023243
4.27122	0.243208	0.0563367	0.0308565	0.109856
2.73993	0.37501	0.388047	0.00779961	0.188322
1.43648	0.477859	0.977956	0.0208946	0.0460212
2.59583	0.920125	0.399489	0.00413674	0.00716309
3.55117	0.27732	0.157992	0.391591	0.000481516
2.55337	0.89086	0.129304	0.015458	0.0021366
0.566513	0.434028	0.42643	0.104097	0.0158362
1.27936	0.503156	0.477764	0.0108123	0.0463396
1.61582	1.00304	0.519839	0.100744	0.000312946
3.12574	2.20019	0.0458249	0.070249	0.0217698
0.962222	0.493012	0.263266	0.19102	0.0117652
2.73744	1.00955	0.00676763	0.133285	0.0243749
4.81569	0.193948	0.0472088	0.710795	0.00963204
1.70296	0.92753	0.0891725	0.287985	0.0216303
2.57677	0.149036	0.262017	0.196426	0.0474932
1.75458	0.655699	0.570886	0.000349785	0.0483306
4.03597	1.2235	0.0139415	0.145929	0.0023702
4.16224	0.20608	0.530839	0.00582528	0.0172377
7.23282	0.671002	0.12186	0.167052	0.00959713
3.14187	0.562997	0.00356357	0.128651	0.00155653
4.82525	2.15831	0.302951	0.0129682	0.0378451
2.01836	1.80224	0.0375193	0.0148965	0.288033
3.29384	0.839362	0.167083	0.0723372	0.13335
2.84912	0.588208	0.0425839	0.21325	0.0279546
2.66656	0.20824	0.370984	0.0567015	0.00973861
6.53954	1.1405	0.0273813	0.254642	0.00197457
2.13072	1.89892	0.0227252	0.0020031	0.034353
6.66307	0.277303	0.309269	0.00351919	0.00349216
2.7412	0.339814	0.236231	0.0221637	0.0495261
2.15396	0.54986	0.223601	0.0987457	0.469169
2.73111	0.518576	0.479647	0.0204286	0.0351217
1.46299	0.194159	0.396767	0.021928	0.0212474
0.416599	1.11138	0.469391	0.0593753	0.00530947
1.68836	0.72741	0.0155693	0.447596	0.0149955
2.07509	0.285858	0.106366	0.0935837	0.0108397
4.93473	0.134628	0.284391	0.13607	0.0525986
3.29828	1.13348	0.147324	0.00127323	0.00200705
1.22413	0.223406	0.0822185	0.220352	0.0136589
5.4071	0.547513	0.200024	0.0165085	0.000897189
2.83122	2.54701	0.61107	0.125733	0.14768
4.2112	0.42321	0.263652	0.0801216	0.00436969
0.708778	0.803366	0.315667	0.134201	0.0572895
4.69888	0.132382	0.280953	0.0805352	0.013164
2.10951	0.21152	0.273776	0.0392968	0.000597273
6.35391	0.25999	0.236971	0.405464	0.00088209
3.44061	0.556751	0.176462	0.043174	0.0406359
2.64575	3.6807	0.235507	0.142548	0.218686
3.35339	0.419282	0.0755394	0.0966816	0.0141885
2.10383	0.374118	0.581489	0.0607424	0.00604312
3.2061	1.52363	0.152683	0.0165243	0.069502
0.529997	0.0777681	0.0748965	0.101018	0.0499045
3.54871	1.98733	0.233968	0.00575282	0.00250689
2.34331	0.642649	0.129069	0.128132	0.00981458
0.695844	0.593958	1.28585	0.0122287	0.0577821
2.3569	0.635284	0.194235	0.038568	0.02975
1.67192	0.907656	0.135881	0.0204856	0.00325185
3.56672	0.774185	0.2705	0.372713	0.17913
2.75307	1.87653	0.861717	0.00431313	0.283622
3.44712	0.171556	0.0423101	0.23524	0.00575204
3.80156	0.375739	0.262323	0.266643	0.0176202
2.69175	0.165785	0.546648	0.365387	0.234474
2.36298	1.21928	0.0380354	0.106442	0.0114178
1.42635	0.171308	0.0324502	0.0639975	0.207339
5.01796	0.233119	0.213153	0.500193	0.00992459
1.49128	1.0049	0.0938849	0.163351	0.0506909
2.41014	2.33731	0.28298	0.0791311	0.011461
3.39235	0.344714	0.0702996	0.00452268	0.0507224
0.577289	1.06984	0.809504	0.0563432	0.00532569
6.10748	0.84501	0.049026	0.0617573	0.00357114
1.30275	0.503162	0.25048	0.0528936	0.26663
4.92662	0.541477	0.0337701	0.385942	0.00752239
6.08708	0.132985	0.0104739	0.123725	0.0897559
5.30029	0.738079	0.449889	0.0456124	0.0031753
3.11402	0.347164	0.203493	0.0037594	0.0042088
1.86461	0.0566557	0.0258642	0.00019732	0.0231052
5.82691	0.169683	0.0573358	0.369431	0.0143746
3.06156	1.59916	0.105848	0.0288305	0.0044284
2.7339	0.165567	0.114134	0.0269431	0.00149453
4.82038	0.972743	0.584822	0.0092278	5.74939e-05
2.3701	1.03255	0.342166	0.0250151	0.0319595
1.66058	0.435137	0.233954	0.0738064	0.113288
2.49085	0.794387	0.383962	0.161893	0.006544
6.08768	0.667792	0.00383349	0.0312219	0.00661718
3.49679	0.0630276	0.0672832	0.19733	0.0383214
3.04947	0.579688	0.513328	0.0339264	0.0043605
1.74853	0.354961	0.0586705	0.039458	0.146193
1.42355	2.60897	0.145432	0.129858	0.00597456
2.31389	0.126822	0.0961403	0.427854	0.040351
3.41841	0.260245	0.591652	0.0092623	0.077899
1.76694	0.804375	0.153031	0.0277908	0.00861446
4.45576	0.938383	0.249569	0.000770026	0.024623
7.57719	0.389844	0.0377518	0.0733002	0.0987565
4.62651	2.02838	0.0948381	0.0739529	0.000821097
6.08555	0.516803	0.00105805	0.0607741	0.00137728
1.17822	0.220893	0.0563737	0.234889	0.00629692
1.44116	0.377213	0.427347	0.127199	0.0542378
3.96291	1.01541	0.611815	0.0349672	0.000372157
5.13943	1.77801	0.205782	0.0717376	0.000561352
7.73145	1.31812	0.443724	0.0390835	0.247324
3.20553	1.28362	0.168769	0.524684	0.0296112
1.92517	1.13081	0.0597159	0.0351424	0.161623
7.41198	0.967001	0.18276	0.0135994	0.0194628
1.51099	0.434416	0.270829	0.0156313	0.0238128
1.04424	0.137181	0.162626	0.236668	0.0220679
1.348	1.26749	0.136874	0.0172222	0.00193264
1.06021	0.147391	0.476038	0.361572	0.0555508
4.81307	0.353772	0.0839844	0.00341359	0.000828247
2.87874	0.51957	0.00698724	0.0293859	0.0147877
4.39675	0.465764	0.0304294	0.0420859	0.00769567
4.28989	0.580228	0.19996	0.0994581	0.284232
1.03363	1.09708	0.328136	0.00541302	0.0228559
1.30984	0.621884	0.0229674	0.00670565	0.0818048
4.76812	0.182446	0.391254	0.0417596	0.079589
1.33441	0.695016	0.100026	0.0964209	0.0065581
1.67467	1.0478	0.0540103	0.0304724	0.00354513
2.74134	1.79438	0.251712	0.189698	0.00867336
2.75111	0.0931179	0.0270656	0.0254763	0.00399787
2.40533	0.931148	0.676458	0.465768	0.00513327
3.87262	1.21156	0.207955	0.0137097	0.232028
1.43296	1.08899	0.122433	0.0833563	0.00229962
5.63619	0.212788	0.123993	0.0499383	0.0490095
3.12811	1.84157	0.084911	0.282876	0.106405
0.404183	0.651728	0.259786	0.282344	0.000820356
1.71068	0.382597	0.409077	0.0345288	0.00141494
1.24769	1.8511	0.100838	0.0264536	0.0338711
6.59703	0.845477	0.038236	0.104727	0.212876
5.06709	0.239713	0.0680972	0.0373928	0.175795
2.5524	0.613061	0.137541	0.0651159	0.00652392
1.99138	0.256243	0.160102	0.335584	0.042456
4.18401	0.785948	0.15785	0.0231849	0.114964
1.60567	0.486008	0.0232255	0.0589827	0.00757089
1.1659	0.884086	0.117067	0.20238	0.00146911
0.8039	1.1666	0.182906	0.0766478	0.0491703
2.51415	0.796058	0.623971	0.00593777	0.0513294
4.7853	0.640071	0.408962	0.0184764	0.00815632
6.88777	0.932959	0.0638161	0.0287682	0.00789388
2.39038	0.332886	0.614848	0.00122816	0.0274031
4.94882	0.253766	0.338383	0.0264847	0.00101293
3.38263	0.749653	1.04007	0.106673	0.187024
3.196	0.781581	0.44869	0.111388	0.0100028
3.46976	1.4552	0.128123	0.000193454	0.465673
2.24986	0.198209	1.01882	0.15489	0.142366
1.07767	1.80228	0.989669	0.882934	0.0717761
5.43567	0.671121	0.736856	0.0629552	0.000717804
2.33693	0.523728	0.379187	0.126989	0.0717677
3.42513	0.202933	0.379004	0.0237228	0.00834489
1.48619	0.877736	0.3478	0.0185375	0.0135241
3.00401	0.209923	0.158627	0.167546	0.00265789
1.17359	0.582174	0.110674	0.193403	0.0285401
7.62556	0.461238	0.035252	0.054563	0.000238735
4.42774	1.0055	1.23437	0.0874434	0.0182003
4.03556	0.27625	0.699156	0.0594069	0.0238995
0.369148	0.478927	0.0274952	0.0370108	0.0814281
0.965881	0.086345	0.873932	0.0857974	0.00888966
4.68531	0.259437	0.10582	0.205426	0.0130379
3.77565	1.13564	0.547877	0.0272771	0.0204802
4.54778	0.20554	0.696606	0.0300707	0.0747426
4.03702	0.187019	0.70845	0.163492	0.00538094
5.63666	1.09113	0.534376	0.109105	0.00440148
2.04493	0.348059	0.0641744	0.0222982	0.0636568
8.02782	1.48011	0.55945	0.24334	0.00424745
0.52759	0.987879	0.508872	0.00239404	0.0018906
0.52061	0.433301	0.012338	0.0190244	0.00125938
4.48299	0.177771	0.141081	0.0289719	0.00523309
4.04291	1.03095	0.0813618	0.0913288	0.286198
1.39516	0.244326	0.453466	0.164302	0.0579614
2.70485	0.353521	0.0519365	0.0111124	0.306281
0.426993	0.311298	0.0578895	0.0251728	0.104426
2.66184	1.47214	0.267892	0.119186	0.000179509
3.57422	1.6212	0.0213181	0.00194682	0.0641708
4.4017	0.874651	0.150332	0.00312572	0.0373774
8.63103	0.450933	0.265497	0.257666	0.134029
3.11278	0.276466	0.0565474	0.0174158	0.00571818
3.54215	0.386223	0.988323	0.124746	0.00503261
2.42161	0.320315	0.0783267	0.000964416	0.0585874
6.27458	1.46684	0.389675	0.00653765	0.0885688
2.62782	0.506467	0.0275172	0.586993	0.0142351
1.9146	0.272117	0.0396978	0.250205	0.0194729
5.50183	1.1284	0.0855523	0.00581258	0.0120062
2.47972	0.431745	0.112194	0.198891	0.261584
0.967602	0.999977	0.391769	0.12577	0.0168515
1.37336	0.718921	0.223945	0.00258069	0.00993524
2.2446	0.371189	0.168011	0.494517	0.0908865
2.13136	1.40358	0.141473	0.092054	0.00876606
2.80327	1.44063	0.331166	0.108849	0.0665343
2.09651	0.410441	0.342809	0.00305446	0.0404478
2.34243	1.58801	0.101143	0.0363605	0.0662819
3.59696	0.223672	0.161888	0.207307	0.084946
3.16201	0.0530219	0.0177414	0.000505197	0.00826221
4.01312	0.105398	0.00681048	0.000951279	0.0497512
3.55301	0.266241	0.0457758	0.00252336	0.0429191
4.4319	0.239823	0.0556206	0.532046	0.0151248
7.809	2.33045	0.412254	0.165399	0.209002
4.27293	0.0551814	0.0605573	0.00461204	0.320062
2.30829	0.669529	0.169739	0.00367847	0.000956609
2.29255	1.01698	0.175573	0.104488	0.125963
2.50483	1.0714	0.0031991	0.0140699	0.105891
3.49212	0.805482	0.623021	0.0114061	0.0400179
0.910181	0.514468	0.0563055	0.431699	0.0808755
3.64347	0.765473	0.146009	0.155577	0.00843135
2.45188	0.833509	0.484657	0.0551207	0.0283679
2.7175	0.101606	0.0240298	0.0195637	0.0199612
4.72696	0.516477	0.219333	0.00423805	0.0343421
3.19395	3.55756	0.131374	0.00413515	0.0339685
4.18765	0.30585	0.73155	0.0329452	0.0345271
3.80761	1.19531	0.233615	0.0506831	0.0178365
2.852	1.45088	0.214027	0.00221012	0.0292926
2.63	0.766545	0.174476	0.0177358	0.00524456
4.43612	1.58546	0.674773	0.250029	0.00847306
0.196816	0.191153	0.147909	0.0325151	0.0411551
3.78175	0.581108	0.777846	0.0196693	0.110038
2.13646	0.391981	0.132059	0.00964001	0.00594289
2.5393	0.593398	0.480743	0.00425858	0.0413136
1.95013	0.198487	0.126135	0.15757	0.0279789
4.76284	0.39226	1.06045	0.00488088	0.00985467
5.27756	0.0613836	0.0907959	0.220722	5.70091e-05
1.19039	0.694234	0.0350815	0.0283508	0.0127483
1.34916	0.403037	0.0330792	0.069626	0.00148431
1.37504	0.397703	0.144605	0.00900462	0.00918087
1.67986	0.550674	0.11775	0.0131294	0.00804795
3.48284	1.18524	0.112721	0.0507238	0.0665821
2.73393	0.732728	1.16225	0.0428396	0.148199
5.30701	0.329783	0.378159	0.0199803	0.164919
9.72437	0.581604	0.597772	0.584739	0.014167
5.49799	0.12414	0.252899	0.039144	0.0171226
3.60423	0.550532	0.896527	0.0798295	0.0778761
1.41901	0.346117	0.992482	0.0107356	0.10468
1.19289	0.647096	0.389151	0.217767	0.000323766
4.48083	0.564718	1.07043	0.00084236	0.00570876
6.74251	0.602374	0.397088	0.00351161	0.00214797
4.51511	0.254993	0.625785	0.130485	0.0381203
3.92052	1.62449	0.572957	0.000657747	0.0371334
3.35405	0.582358	0.328239	0.0374258	0.01781
2.3074	2.04493	0.0427937	0.103167	0.000181903
3.61987	1.64138	0.104897	0.556628	0.000606538
1.9707	1.97898	0.150312	0.0732208	0.112461
1.56899	0.584209	0.10365	0.0121521	0.000108724
2.73072	0.821078	1.60629	0.0205332	0.212508
2.44739	1.2105	0.0884435	0.030532	0.00333972
4.07801	0.489041	0.226942	0.0339533	0.0207834
3.94154	0.493121	0.147033	0.451813	0.0272685
3.00984	0.356133	0.308614	0.093455	0.0030737
4.76216	1.00477	0.0841593	0.280265	0.0145083
2.86896	0.370709	0.11959	0.0677276	0.000465781
2.74073	0.946432	0.0977503	0.0776526	0.00343219
3.97582	0.723307	0.498688	0.0060407	0.00428457
3.20344	0.705185	0.0735941	0.0125286	0.0429107
1.37183	0.172925	0.27389	0.190026	0.0124847
1.47301	1.03348	0.0976419	0.0317752	0.0205766
3.70871	0.58468	0.735083	0.13098	0.00110279
4.68003	0.251215	0.850286	0.0117458	0.0536313
3.32519	1.59049	0.00512889	0.187837	0.0539622
2.94936	0.594159	0.0309659	0.224798	0.0176911
3.69825	0.639434	0.760084	0.271334	2.18866e-05
2.35856	1.09545	0.365803	0.00160366	0.105768
2.44691	2.46122	0.305783	0.246693	0.060088
3.95758	0.395712	0.103391	0.00292209	0.0406315
1.40075	0.210151	0.159981	0.196774	0.134186
3.96463	1.2039	0.277576	0.0294626	0.0480239
1.41027	0.239392	0.179128	0.0153239	0.00592919
1.34307	0.0212244	0.545535	0.0112746	0.0290342
2.1776	0.468473	1.4691	0.00697549	0.000502948
3.22267	0.187148	0.323583	0.341736	0.0351009
2.22619	0.143649	0.186283	0.0229146	0.0615836
3.75337	0.0855576	0.0955313	0.0659838	0.00254775
4.59009	0.397218	0.167508	0.0021658	0.0167496
4.67902	0.345585	0.199712	0.0865948	0.0036918
1.46369	1.15391	1.41152	0.031197	0.00818115
0.571916	0.285143	0.29194	0.335067	0.0314587
3.55555	0.628947	0.0856393	0.00577511	0.0599987
0.995222	0.0992223	0.617491	0.0710927	0.000611301
2.48041	0.269586	0.504853	0.0225995	0.0132572
3.00242	0.344851	0.197159	0.22654	0.0306263
1.81738	0.897287	0.159567	0.413661	0.00606358
0.826345	2.99024	0.235608	0.0247562	0.105092
3.56326	0.700851	0.482726	0.00923153	0.00469947
0.713964	1.97278	0.39627	0.0770301	0.0719703
4.96949	0.578366	0.104387	0.00266699	0.0532487
2.02838	1.01371	0.0145906	0.0676558	0.0404663
2.89646	2.13984	0.798728	0.0613815	0.0148831
0.645266	1.4338	0.0137203	0.10912	0.00334722
3.38591	3.1997	0.0760303	0.0924126	0.0574677
1.12915	0.588199	0.607652	0.11356	0.135473
4.8445	0.224393	0.0801584	0.000413622	0.0100054
0.920217	0.442882	0.352563	0.392764	0.0878733
1.53473	0.555614	0.195439	0.0618497	0.00884868
2.80302	1.58146	0.260616	0.00816829	0.00623201
1.31276	0.280165	0.187083	0.47364	0.105783
2.57095	1.12829	0.38911	0.031392	0.00990349
5.20802	1.53283	1.4191	0.000462151	0.11203
3.52346	0.484021	0.14045	0.426295	0.043761
2.88923	1.1404	0.0460665	0.286529	0.0295279
4.19663	0.239549	0.408592	0.00542509	0.00010827
2.30765	0.662843	0.329309	0.0730576	0.117218
1.20446	0.404341	0.086908	0.196584	0.0877277
3.47654	1.6542	0.150626	0.0684914	0.000172314
3.95907	0.200353	0.203645	0.0013129	0.12669
0.80713	0.75489	0.091851	0.0957811	0.00481552
5.23895	0.798752	0.0494319	0.0143854	0.0623275
0.71948	1.40891	0.0876063	0.0070128	0.274268
0.835717	0.0522926	0.242887	0.469475	0.032614
3.56546	0.247606	0.193586	0.0122368	0.00243397
2.27274	0.597569	0.294015	0.250722	0.000252719
3.34578	1.23351	0.176117	0.146314	0.000177242
4.10035	0.781319	0.027644	0.234801	0.00298419
2.0136	0.206536	0.35611	0.0530065	0.0333656
3.8306	0.299794	0.578483	0.147413	0.00397308
5.44674	0.440968	0.167659	0.127793	0.0384018
2.20291	1.26868	0.501666	0.00233131	0.0149541
1.69911	0.6472	0.92691	0.0398829	0.00461244
2.03209	0.232511	0.0263346	0.0402159	0.0018516
6.15394	0.280499	0.0136897	0.00555241	0.00491284
1.79597	0.434334	0.159796	0.234023	0.18627
3.88189	0.0845398	0.504039	0.000294385	0.074737
1.45679	0.397139	0.283633	0.477401	0.00227208
6.57647	0.580593	0.204159	0.0574293	0.0228455
5.94892	0.648984	0.0235638	0.012603	0.00214438
5.65328	0.827129	0.241202	0.0244776	0.0260246
2.01224	0.743666	0.0757763	0.183488	0.0373063
2.73826	0.927237	0.0304717	0.0344678	0.00453625
4.64861	0.171571	0.120467	0.00624299	0.0194067
0.246107	1.20752	0.477871	0.457057	0.0963802
1.07896	0.541594	0.0526714	0.0295639	0.0144595
6.82515	1.21963	0.0885026	0.0208794	0.0332431
4.41514	1.28455	0.227422	0.268604	0.0116926
1.54325	0.135851	0.0108334	0.00512282	0.00534507
1.82077	0.328707	0.147482	0.031473	0.0715255
2.40519	0.276938	0.106581	0.0668035	0.0441848
5.32657	0.66028	0.023833	0.0298681	0.0140396
4.97174	1.31492	0.0776043	0.0590858	0.0177705
2.52807	0.810317	0.205257	0.523594	0.31729
2.9172	0.0721946	0.207272	0.27249	0.0173641
2.32439	0.445319	0.0497854	0.175254	0.0489781
4.0648	0.958958	0.240092	0.119319	0.00458739
2.3929	0.546276	0.100154	0.0222125	0.305773
1.65698	0.802737	0.053596	0.124436	0.175589
4.4053	0.924258	0.483854	0.471182	0.140049
5.12985	0.759389	0.191168	0.0360775	0.0108002
6.71221	0.573941	0.253369	0.212731	0.0153406
4.06257	1.55935	0.0799974	0.0218898	0.00780822
2.61011	0.175716	0.237265	0.00039431	0.135273
5.39238	0.906905	1.16774	0.0299232	0.105016
0.989936	0.39336	0.0312818	0.0248386	0.000488272
7.91338	0.139216	0.2316	0.0374784	0.00967089
0.81257	1.37388	0.102653	0.00999813	0.00228045
2.18502	0.577842	0.121294	0.0225743	0.33579
0.280547	0.572028	0.281228	0.271512	0.00597537
1.39041	0.246186	0.154253	0.0265807	0.000214546
3.39123	1.54066	0.438305	0.0825439	0.00385426
3.64116	0.271713	0.273432	0.0196815	0.00525511
3.29764	1.11579	0.164864	0.0272614	0.0145639
5.7826	0.14952	0.600665	0.0699934	0.00428748
4.10994	2.10863	0.263343	0.06985	0.0998504
2.08822	2.69065	0.377677	0.130761	0.0104708
1.26916	0.500628	0.0795682	0.0670182	0.0714796
3.07412	0.467777	1.01445	0.0582101	0.00288467
1.75389	1.33272	0.0142148	0.0618149	0.000149141
3.08312	1.14288	0.408236	0.05536	0.0116078
1.42401	0.103711	0.223825	0.079189	0.068928
1.34965	0.143789	0.0438746	0.0104355	0.00651757
1.44813	0.286965	0.837401	0.00103945	0.0520873
1.13465	0.20677	0.296557	0.136306	0.226994
1.64824	0.631598	0.178907	0.107078	0.00700726
2.58489	0.429491	0.305971	0.0248812	0.0579267
2.44688	0.155527	0.123818	0.00556897	0.00824942
4.80901	1.28275	0.0766444	0.0353002	0.0328807
0.839969	0.368949	0.332991	0.0856841	0.00465642
3.58249	0.397338	0.28039	0.283964	0.000451322
1.91226	0.604099	0.0175066	0.00577625	0.163511
0.921842	0.666487	0.0523242	0.0309991	0.0148043
3.80883	0.79967	0.115242	0.0124889	0.00092649
1.64882	0.0621277	0.539011	0.121858	0.0012704
1.24725	1.55769	0.301239	0.0946015	0.00449207
2.66732	1.37724	0.457372	0.00478553	0.0288559
1.2893	0.22907	0.310471	0.0474155	0.154623
1.85233	0.422056	0.0328646	0.116411	0.00505546
4.32395	0.13572	1.86262	0.138414	0.0292774
1.46464	0.919317	0.412532	0.120354	9.05386e-05
4.09368	1.38859	0.324048	0.00832177	0.22686
3.35789	2.97966	0.82259	0.128216	0.0067272
1.61589	0.471607	0.089752	0.025333	0.00300769
4.93514	0.70131	0.0134159	0.149758	0.119991
7.88715	0.536861	0.0240977	0.00183157	0.0465395
5.11525	0.654528	0.4439	0.140083	0.225341
3.84875	1.00807	0.0134477	0.0660465	0.00170747
1.73794	0.312117	0.12814	0.273298	0.0364834
1.31784	0.258339	0.426931	0.118907	0.0283578
2.59132	1.09	0.0529952	0.0888186	0.0100404
3.01669	0.634184	0.459498	0.0739223	0.000911717
1.82964	0.0759396	0.392517	0.149441	0.00215703
3.43422	0.630427	0.526089	0.529638	0.000805342
3.32031	1.20551	0.627584	0.023517	0.114162
3.1376	0.685388	0.0599139	0.0534863	0.0880702
1.61838	0.171343	0.0196817	0.00647854	0.0345434
3.01246	1.94521	0.0358391	0.00817225	0.0215404
1.74989	0.327963	0.0399111	0.0192012	0.00408289
1.66503	1.16385	0.240434	0.0572535	0.0862543
1.89406	0.0842925	0.0543176	0.148188	0.00136932
3.20568	0.681009	0.187055	0.0225387	0.00139177
2.30777	0.758223	0.0559071	0.102614	0.0313415
1.13402	0.948298	0.953477	0.177247	0.0355909
4.26582	0.0860709	0.161738	0.0174039	0.00605434
2.47099	1.30557	0.0162733	0.263243	0.00192921
2.77641	0.193503	0.957762	0.00283351	0.00711556
2.11793	0.960146	0.0346946	0.164817	0.000491903
4.42976	1.48738	0.0327581	0.0123886	0.100595
2.01577	1.755	0.490599	0.321421	0.133718
1.83064	0.533202	0.268437	0.223756	0.000346058
1.45875	1.29038	0.0113921	0.098816	0.00809432
1.53842	1.34631	0.211191	0.00281079	0.0281215
4.41996	0.881377	0.401027	0.0308861	0.00418441
3.24358	0.966959	0.641789	0.00045056	0.0510911
5.13695	0.951597	0.471028	0.061343	0.0808053
3.16191	0.270205	0.589997	0.0393443	0.0160341
3.80193	2.26253	0.286408	0.165702	0.0495421
1.71037	0.267482	0.0216288	0.00705527	0.0236087
3.28565	1.18622	0.475605	0.205076	0.00299702
1.30296	0.557459	0.117115	0.0581442	0.208363
3.32493	0.380287	0.247498	0.171932	1.90836e-05
3.6615	0.23271	0.079952	0.072559	0.00379657
4.6448	0.189793	0.252898	0.330063	0.0708905
5.13276	1.14835	0.857012	0.0622417	0.0381142
1.38215	0.389031	0.165921	0.28086	0.0674809
6.91163	1.538	0.58699	0.316781	0.000783069
1.20894	0.689349	1.28854	0.0639516	0.0736768
6.15913	0.682541	0.0705282	0.126034	0.00431564
1.99129	1.00803	1.18462	0.000948192	0.000299765
2.06688	2.5251	0.00373524	0.0702845	0.00713137
0.608239	0.435646	0.0550637	0.0119735	0.0155961
2.73442	0.406721	1.17741	0.394292	0.0177239
2.05853	0.128303	0.177828	0.00513377	0.00512944
3.47634	0.547425	0.878288	0.0321675	0.07284
5.62815	0.732926	0.292515	0.105824	0.0230384
3.66745	0.85335	0.0453383	0.104858	0.00524848
2.99201	0.531573	0.107479	0.14099	0.222519
1.4173	1.08768	0.48668	0.0189065	0.00720235
2.74247	1.69541	0.0571237	0.0265331	0.0182149
1.00607	1.31955	0.236198	0.0706726	0.223137
1.56458	0.492943	0.208804	0.127804	3.03554e-05
1.69948	0.524284	0.196486	0.0114354	0.00155245
0.998178	0.118536	0.268677	0.0553889	0.0109592
1.06568	0.699988	0.0730144	0.02193	0.00585978
3.94604	1.72605	0.109863	0.19112	0.0735361
6.14624	0.865708	0.00605065	0.0568007	0.0676655
4.29768	1.77252	0.0461548	0.071414	0.00107454
5.41335	0.492864	0.140816	0.053811	0.0366672
5.52878	2.08466	0.0276504	0.00383317	0.019009
1.52757	1.11253	0.464614	0.0513504	0.00199714
3.30128	0.598065	0.174865	0.0581907	0.0631547
5.33883	0.589923	1.20354	0.26813	0.0181694
2.23749	0.120881	0.0421795	0.0456727	0.00291763
3.35282	1.06995	0.393784	0.0644912	0.0457225
2.02015	0.110159	0.745859	0.0263831	0.000180987
4.48836	0.263748	0.0172604	0.177933	0.00122533
3.78119	0.272392	0.0961749	0.063234	0.0517182
0.873968	1.01952	0.324727	0.0775856	0.109507
0.858	0.901566	0.0294476	0.0726493	0.00392464
5.16486	0.9675	0.0507353	0.0983348	0.181259
1.9365	0.316339	0.363337	0.125844	0.00892741
2.88895	0.326157	0.244498	0.414252	0.00859742
3.60674	0.101212	0.494204	0.0369416	0.00270553
2.24367	0.474709	0.0564883	0.117545	0.00012302
2.5285	1.28537	0.105136	0.0112077	0.000101845
1.24344	1.58398	0.112933	0.609552	0.0168383
3.52753	0.78887	0.355501	0.00315673	0.00957012
3.73623	0.0389559	0.270283	0.0331083	0.0791502
3.41306	0.188375	0.188622	0.0340322	0.00202919
1.49967	0.0162883	0.027743	0.0479561	0.0434486
2.94073	0.0927865	0.0254251	0.00197707	0.00467546
6.97279	0.639003	0.277352	0.0238653	0.00535236
3.37841	1.54217	0.0967641	0.0406482	0.00394058
6.1176	0.326895	0.0124877	0.0710179	0.0356201
3.35421	0.546256	0.180159	0.322897	0.00169811
2.44825	0.762974	0.00480042	0.127773	0.0022176
3.29366	0.144871	0.127133	0.202261	0.001214
4.16601	2.72973	0.0397827	1.48842	0.00046382
1.83485	1.27189	0.192883	0.203853	0.0471304
6.57424	0.399259	0.165776	0.145547	0.104411
1.38464	0.0772317	0.0371656	0.0531432	0.0165737
1.12389	0.262607	0.33617	0.0171663	0.0455547
5.05641	1.15002	0.189	0.0317965	0.00426085
1.26886	0.247603	0.0544189	0.18897	0.0323404
6.93712	0.898163	0.560612	0.00760532	0.0280696
4.95017	0.811175	0.172542	0.00202687	0.0394679
4.2444	0.817031	0.583342	0.291003	0.00161582
3.88812	0.291712	0.0406203	0.0251484	0.0844307
4.41755	0.292186	0.301266	0.682361	0.0133381
3.31052	0.309357	0.546864	0.0105422	0.00294433
2.78673	0.963354	0.149039	0.0620776	0.00126154
2.20304	0.5461	0.345827	0.179061	0.132822
1.68406	0.0415427	0.101879	0.263115	0.00124216
1.78158	0.352947	0.151882	0.00776496	0.00198094
4.94847	0.603419	0.4827	0.139398	0.0521395
1.87803	0.260613	0.37147	0.0180487	0.110235
1.30059	1.18366	0.102751	0.0183592	0.0274966
2.63543	0.403883	0.114408	0.0875871	0.0366842
4.27255	3.05125	0.0820258	0.0752282	0.00741909
1.27169	1.33594	0.136428	0.0833842	0.00324623
4.4619	0.646789	0.0157262	0.0348475	0.074037
2.29544	0.851407	0.112345	0.175054	0.14652
5.04274	0.585856	0.0849528	0.126239	0.103344
5.10049	0.387504	0.0562716	0.00259734	0.000256439
1.84987	0.418978	0.166351	0.117429	0.023197
1.48899	0.746347	1.24701	0.0939162	0.0097699
5.45104	0.321095	0.0831803	0.138048	0.0161209
4.77137	0.353651	0.0802954	0.00644136	0.0127874
5.1719	0.989009	0.258011	0.252673	0.092901
2.90368	0.619918	0.302403	0.00551726	0.0346253
2.99348	0.438743	0.224833	0.0257496	0.0574217
3.4095	0.904839	0.501498	0.0821887	0.122742
4.4982	1.04839	0.155869	0.017666	0.132322
2.78643	0.966083	0.187783	0.00669204	0.111842
1.46851	0.185624	0.105167	0.376107	0.0372738
1.91211	0.69467	0.137211	0.130695	0.110124
5.73389	0.506764	0.0359124	0.213125	0.00590041
3.63288	2.59582	0.323831	0.147151	0.00821262
2.55957	0.563801	0.203216	0.26184	0.198036
3.43976	0.173691	0.0106212	0.01455	0.0521045
1.9703	0.201139	0.457364	0.177651	0.00400039
1.68536	0.311759	1.35733	0.0384587	0.0154098
0.408822	0.782314	0.424447	0.0841474	0.0459405
5.48634	0.163027	0.204351	0.543797	0.00132924
5.63957	0.65405	0.182777	0.0651069	0.0957789
1.58773	0.512404	0.326934	0.0201488	0.0692746
2.31434	0.622161	0.00922681	0.00114851	0.00167974
3.33443	0.67204	0.320204	0.0408273	0.00113402
3.7501	0.756751	0.179003	0.00375963	0.00686891
2.46478	0.535611	0.440241	0.0149061	0.00245356
2.29331	1.40758	0.0721658	0.113468	0.0247485
2.37728	0.309846	0.488241	0.0650252	0.13086
3.8514	0.138076	0.0934455	0.00785051	0.0011007
3.35114	1.85696	0.391454	0.380005	0.0292647
1.52709	0.4934	0.237512	0.0351376	0.0657316
5.64132	0.169817	0.108204	0.124754	0.000863026
0.637282	0.605193	0.121968	0.00625295	0.063735
1.05554	1.21965	0.134361	0.0157706	0.0175306
1.26625	1.47478	0.295528	0.547491	0.000911714
3.47995	1.04678	0.0635207	0.0024718	0.202858
1.72165	3.46816	1.07456	0.589041	0.0139767
4.81324	5.42491	0.0693756	0.120252	0.00111235
2.50636	0.0474143	0.0119477	0.112479	0.0181949
2.77892	2.25984	0.656025	0.209	0.000782422
5.96107	0.248567	0.129698	0.539743	0.00214751
1.18352	1.04755	0.142464	0.132712	0.00234885
2.80399	1.60467	0.10807	0.00661357	0.0598011
1.6867	0.746028	0.083659	0.0890456	0.0459586
3.19807	0.0389371	0.209088	0.0765988	0.222952
8.48939	0.727807	0.0802484	0.0946601	0.0118379
1.61805	0.495709	0.0363176	0.210528	0.0526783
4.29436	0.262924	0.0350476	0.174894	0.202522
1.32584	1.81581	0.108297	0.168603	0.0262558
0.869099	0.457646	0.241239	0.058311	0.1342
3.72358	1.36644	0.0566195	0.142777	0.00124312
3.52358	0.706209	0.158556	0.0807529	0.00105744
3.91115	1.11857	0.723432	0.124096	0.381725
3.29786	1.01643	0.553919	0.121623	0.146131
3.7703	0.450184	0.0838702	0.55329	0.00322573
4.46448	0.153363	0.176676	0.0506377	0.00208403
3.16142	0.367739	0.0870972	0.0372227	0.00557534
3.33592	0.946479	0.143105	0.0698999	0.396235
5.913	1.16156	0.168255	0.00138495	0.00904307
2.69495	0.353282	0.269776	0.321166	0.0104032
3.17364	0.429459	0.120097	0.0663781	0.0202889
3.45771	0.768522	0.014074	0.537269	0.00391638
6.02352	0.319355	0.0954181	0.101986	0.0357744
2.04517	0.563342	0.151728	0.0285848	0.0829187
0.758075	0.809024	0.484136	0.00381513	0.0701596
1.22427	0.605506	0.876592	0.00693281	0.0185738
2.32567	0.855237	0.11312	0.130487	0.0765426
6.23647	0.032571	0.494151	0.417322	0.000770026
1.84862	1.13473	0.490156	0.0447647	7.16758e-05
3.08277	0.953638	0.193498	0.000697114	0.00145937
1.66182	0.67219	0.877458	0.0514058	0.0869577
6.55545	0.810861	0.144021	0.131633	0.00728565
5.32063	1.00013	0.146632	0.0407959	0.0581674
1.7444	0.750472	0.325874	0.347879	0.0068423
1.70865	1.17573	0.361804	0.148304	0.00952597
2.71463	0.124059	0.00522417	0.0665801	0.00604114
4.79827	2.51807	0.0891483	0.0657693	0.0219641
9.96509	0.805276	0.0139873	0.0577458	0.00332973
2.84853	0.57311	0.257988	0.243818	0.0843164
2.23369	0.43761	0.306257	0.131909	0.000364376
9.56337	0.971041	0.0273053	0.0722709	0.0685601
0.870193	1.01282	0.136466	0.0456255	0.00098644
1.68123	1.02755	0.308161	0.0152657	0.0195326
4.05946	0.612147	2.98464	0.0848731	0.0115458
1.50481	0.693652	0.0978728	0.0875631	0.0225692
1.65645	1.17681	0.113366	0.440965	0.193837
0.935516	0.918207	0.184922	0.210308	0.00619149
2.69694	0.836398	0.594965	0.0975244	0.117649
0.653144	0.61867	0.380794	0.0430816	0.0543352
3.32406	0.191921	0.115143	0.247448	0.00408318
4.99762	0.946893	0.11005	0.0739933	0.0930005
1.48845	1.69335	0.249644	0.105568	4.17106e-05
3.37983	1.81693	0.114403	0.00230168	6.31857e-05
2.02146	0.916347	0.923677	0.122031	0.0918912
4.82526	0.366969	0.0905882	0.00951123	0.0136572
1.97015	2.00139	0.230224	0.0934259	0.258404
2.8357	0.970883	0.205778	0.384806	0.0722974
1.50979	0.952121	0.142655	0.0299222	0.00670996
3.43674	0.634331	0.122174	0.0649339	0.0327911
2.51565	0.95778	0.425284	0.482141	0.0570229
1.67219	0.430626	0.223215	0.117263	0.0404473
1.56849	0.44574	0.0891813	0.0747264	0.0553704
3.84439	1.40558	0.42803	0.0222245	0.000182111
4.3791	1.12153	0.583182	0.399054	0.0655051
2.02834	1.16749	0.183828	0.118819	6.71804e-05
2.17692	0.327784	0.162122	0.0726519	0.00487006
2.10266	0.999384	0.10248	0.00501574	0.0161246
4.19757	0.700363	0.0633185	0.000115641	0.00499059
1.9548	0.738518	0.0829663	0.0429282	0.0315719
3.10001	0.500988	0.575044	0.186719	0.0738326
0.771351	0.460589	0.202655	0.032276	0.00629616
7.42655	0.26473	0.00938862	0.0722863	0.0357801
1.37237	1.48606	0.452202	0.0840967	0.022238
3.06472	0.712718	0.298897	0.113948	0.223315
4.39579	0.877995	0.147758	0.0142372	0.00392928
3.15931	0.832024	0.784322	0.0408765	0.0384864
1.46638	1.46725	0.296861	0.000963702	5.05937e-05
5.48563	0.454591	0.117758	0.0118879	2.87163e-05
2.97088	1.22323	0.150114	0.300796	0.00512076
2.58783	0.704442	0.961493	0.0241144	0.000614655
6.99316	1.6023	0.072499	0.014527	0.020186
4.75081	1.18798	0.312477	0.120602	0.0307474
0.932704	1.2978	0.0577871	0.1763	0.000501209
3.22133	0.153302	0.286842	0.0288909	0.247586
1.44925	0.164829	0.0173788	0.11742	0.000751885
1.78309	1.60426	0.0134504	0.559819	0.0064682
2.37385	0.415639	0.227541	0.0441397	0.0529957
1.87934	0.440798	0.270707	0.19707	0.0741879
3.4099	2.28427	0.331721	0.0129638	0.0195453
9.54295	0.485419	0.461223	0.0909714	0.22103
1.7084	0.63139	0.626866	0.259754	0.000113804
4.36075	0.766598	0.193099	0.43302	0.165013
2.04416	0.432978	0.142999	0.23816	0.0157058
8.76675	0.337465	0.340598	0.0247032	0.00683909
0.638753	1.33156	0.271597	0.541342	0.00205516
3.42129	0.87306	0.185323	0.845752	0.0404478
3.31304	1.11183	0.726286	0.0121546	0.0118176
2.73912	1.74416	0.573647	0.0965081	0.0324441
1.35043	0.4743	0.548108	0.0353352	0.121593
2.17339	0.859177	0.507197	0.187136	0.000722483
2.82206	1.43761	0.152166	0.146837	0.0442406
2.45897	0.25793	0.347763	0.0146676	0.0297326
3.11874	0.983656	0.181883	0.00989101	0.0696605
2.57493	0.603405	0.0892022	0.254725	0.00855893
1.39476	1.64597	0.233078	0.0483365	0.162836
4.25988	0.381697	0.150476	0.150245	0.364649
4.20978	0.760859	0.148337	0.0518399	0.00813861
1.64657	0.311234	0.430465	0.465077	0.00239483
1.60931	0.380369	0.813177	0.0301763	0.00249916
6.35847	1.28514	0.179646	0.0563171	5.02417e-05
3.93812	0.00650528	0.377867	0.0159105	0.0023351
1.68666	0.80247	0.266478	0.0743548	0.00189675
1.43639	1.80493	0.39681	0.111222	0.0194709
3.90529	0.537948	0.788044	0.0166835	0.100817
2.342	3.34277	0.248146	0.346795	0.0432058
4.38729	0.504345	0.325876	0.0892336	0.0142878
1.89155	2.17083	0.860937	0.166646	0.017738
1.6158	1.51719	0.198853	0.231017	0.0316059
1.69781	0.292028	0.0434049	0.00941255	0.035096
2.69172	1.85272	0.778024	0.111902	0.0700204
4.57118	0.0813137	1.02373	0.0461068	0.00885151
1.90741	0.275841	0.830162	0.0828686	0.0302469
0.532889	0.425713	1.19401	0.0350743	0.090857
3.33926	0.251296	0.0559309	0.0617948	0.0211045
4.40745	0.643142	0.0815512	0.0520173	0.0801777
1.54182	0.691286	0.252159	0.231029	0.0143723
4.66641	0.427485	0.191279	0.158085	0.000992055
2.43252	1.36365	0.0564834	0.0110814	0.00112413
2.08217	1.09332	0.259832	0.0680361	0.00239855
2.72816	0.197118	0.0797983	0.553101	0.00657273
2.26396	0.747369	0.0130254	0.207851	0.00286021
6.89142	1.56692	0.155382	0.00407414	0.00309533
3.45035	0.0278099	0.172964	0.0137132	0.0288252
3.08685	0.808368	0.326249	0.0801724	0.1122
2.88163	0.81723	0.145771	0.393021	0.0274528
1.80566	0.621211	1.51874	0.0629408	0.0206767
2.08049	0.330879	0.243021	0.0962072	0.000243137
3.51247	0.301715	0.225251	0.00338542	0.131634
2.65815	0.986261	0.836171	0.374253	0.00260518
2.34363	1.28634	0.266648	0.0279552	0.0100867
1.80274	0.116698	0.817637	0.00787346	0.0114834
2.4867	1.00981	0.118835	0.0235893	0.0203938
1.20809	0.926399	0.143138	0.0112831	0.000600564
2.93134	1.3038	0.727823	0.416391	0.00661795
1.35251	0.501102	0.683703	0.074259	0.0924357
7.26873	0.654234	1.18732	0.289757	0.0761532
2.08529	0.511659	0.0463304	0.182802	0.00486659
3.42994	0.614293	0.00784618	0.0328149	0.00986032
2.21718	0.351879	0.0953076	0.00121514	0.0224906
5.27	1.53429	0.461992	0.0110256	0.0356013
1.31033	1.22728	0.397286	0.0366512	0.026416
4.02231	0.117747	0.0607035	0.0314549	0.0123079
4.41946	1.38436	0.534945	0.146722	0.0246109
6.73878	0.945667	0.202515	0.0763306	0.0975064
3.86957	1.08395	0.869378	0.0438747	0.024961
1.8348	1.09933	0.0396859	0.232961	0.0184816
3.86215	1.09587	0.146355	0.0179906	0.0341887
2.58283	1.52548	0.0554646	0.145186	0.000457997
1.71051	0.44909	0.0373661	0.15104	0.00652537
3.47823	1.62954	0.378353	0.177903	0.146269
4.99492	0.328464	0.931064	0.0626906	0.0614173
3.40891	0.623911	0.0832372	0.082452	0.040863
1.17839	0.310762	0.0413158	0.0270555	0.0202263
2.29436	0.899579	0.249816	0.0214134	0.0424736
3.66024	1.75184	0.345348	0.101563	0.00853516
2.2004	0.400433	0.0285144	0.198134	0.0133228
1.43173	0.872274	0.633497	0.228629	0.0620956
0.621184	1.39426	0.0555974	0.000516431	0.0576458
0.864174	0.627608	0.0994418	0.000665724	0.0417287
2.77389	0.731783	0.642209	0.00136058	0.0917056
2.77841	0.844953	0.223662	0.0770978	0.0955574
2.96577	1.74405	0.255334	0.0759475	0.0595481
4.82677	0.718314	0.284447	0.00460675	0.0939022
4.98687	0.379007	0.0989084	0.00833006	0.0123108
2.68262	0.342638	0.523207	0.24332	0.0028779
2.18553	0.186534	0.0813251	0.166667	0.0111558
0.804449	1.0862	0.22948	0.154265	0.000729305
2.27728	0.187322	0.568545	0.00796701	0.00564938
3.16564	1.6352	0.249054	1.1525	0.0598768
3.55253	0.935322	0.141841	0.0227524	0.0188048
1.14026	3.16068	0.461275	0.0610064	0.0835481
9.01984	0.539905	0.215788	0.0695359	0.0176475
1.84732	0.364507	0.13204	0.170068	0.000393501
3.37718	2.21904	0.12283	0.00230459	0.0187055
1.12264	0.942806	0.218603	0.00878333	0.00126154
1.38757	1.01544	0.382795	0.07573	0.0296431
3.44318	1.18369	0.166408	0.19958	0.0308435
1.70829	0.853919	0.446285	0.225266	0.0496156
1.18632	0.786708	1.34478	0.13667	0.0305578
4.42708	0.212807	0.128309	0.265009	0.0228202
8.49286	1.09826	0.121015	0.0340522	0.00619992
3.45641	0.437293	0.0727915	0.0177643	0.00534757
1.81919	0.276867	0.0254269	0.0276778	0.00141487
1.1645	0.398095	0.770412	0.000125485	0.0329154
2.04658	0.307762	0.596286	0.129666	0.0211994
3.15202	2.10986	0.10897	0.0137169	0.0111891
0.936976	0.96229	0.069141	0.0403584	0.000351468
6.67706	0.487882	0.145828	0.0272107	0.00333211
3.79442	0.73286	0.377148	0.199536	0.0069115
1.14021	1.95397	0.000148929	0.0756807	0.00408338
1.67553	0.472229	0.384055	0.111382	0.0263877
8.55172	0.489777	0.152811	0.0897389	0.000367404
1.59948	1.38907	0.182003	0.000427552	0.00463224
2.59491	1.06536	0.0672415	0.702987	0.0477144
0.913275	0.38392	0.35669	0.00510751	0.00555221
1.88669	0.290979	0.0808769	0.0394888	0.000222659
1.69703	0.431646	0.105852	0.0299096	0.0013071
3.38611	0.379943	0.131055	0.0050017	0.00623512
1.11491	1.41222	0.369125	0.0155806	0.00126458
2.68816	0.624984	0.261102	0.172388	0.0468158
3.01772	2.45535	0.169843	0.362675	0.0153646
4.81012	0.33678	0.637907	0.0272821	0.00672807
3.44161	0.197232	0.239437	0.126157	0.00881544
2.85835	0.0321695	0.416605	0.479233	0.05916
7.53808	0.731213	0.857468	0.00228336	0.0132632
3.57366	0.751156	0.129357	0.0758593	0.0203996
1.6905	0.300385	0.0488098	0.120434	0.0235836
1.25939	0.794973	0.0594303	0.0678016	0.0055052
1.72445	1.03095	0.191929	0.322484	0.131542
1.56887	1.037	0.162699	0.0768053	0.068291
5.85959	0.5025	0.115519	0.00878752	0.0741888
2.64183	0.984008	0.271982	0.0425932	0.00150866
2.71659	0.51578	0.0668699	0.0285697	0.0268124
1.31683	0.853134	0.378371	0.111565	0.000131729
6.5034	0.29365	0.0608379	0.0277206	0.0160359
2.52075	0.0979978	0.437065	0.247286	0.0370358
2.91979	0.246831	0.47548	0.0719215	0.000479764
0.33954	0.550597	0.0352886	0.0164531	0.0335454
2.83259	1.04295	0.088564	0.0552214	0.0145211
5.41793	0.0798585	0.170344	0.0418892	0.118557
5.3537	0.0896538	0.105461	0.155083	0.025445
4.31186	1.10512	0.203975	0.0719838	0.0751084
2.57117	0.537173	0.11318	0.114443	0.0417944
5.27454	0.559928	0.351331	0.0138082	2.784e-05
1.80804	0.2481	0.0484559	0.115606	0.0190138
1.28424	0.636465	0.120599	0.116124	0.0167976
1.69294	0.221162	0.209719	0.0210239	0.0238431
0.989127	0.554906	0.653885	0.0174704	0.00625506
3.51738	1.6606	0.106148	0.139015	0.0524516
2.29418	0.0603304	0.32885	0.0413898	0.00488277
0.975846	0.112611	0.563503	0.0144902	0.00404827
5.69207	1.78003	0.407991	0.0411659	0.0226434
1.5183	0.495712	0.00578743	0.182741	0.44929
1.85187	2.04635	0.0563192	0.00673503	0.167599
1.85648	0.184331	0.215297	0.0531618	0.123011
2.67917	0.315309	0.103301	0.0651494	0.0485379
4.12371	0.900966	0.0447993	0.34366	0.0175591
1.73067	1.00234	0.0104823	0.0951244	0.0258786
0.870288	1.43829	0.27027	0.0175647	0.0299036
2.07655	2.22649	0.154035	0.00212098	0.000359131
3.36252	0.915943	0.15987	0.0058109	0.00213678
3.3412	0.225385	0.113139	0.0329402	0.147939
6.42334	0.390615	0.0290157	0.00180442	0.000729022
5.40662	0.317487	0.139492	0.0537322	0.00566722
3.46013	0.280703	0.304056	0.198271	0.00382449
3.09846	0.16172	0.0321033	0.0610643	0.00208635
1.74831	0.325502	0.130248	0.134931	0.0812197
2.33862	0.532662	0.010574	0.542255	0.0765368
1.17867	0.748632	0.238678	0.0174602	0.00515787
3.48257	1.46584	0.512087	0.0676139	0.000634843
2.5706	0.91854	0.119732	0.266471	0.0140406
3.88638	1.14098	0.16652	0.00722538	0.00185206
2.42563	1.48177	1.48919	0.0150321	0.0001033
2.3536	0.585661	0.179542	0.0159697	0.0496387
2.39274	0.39254	0.102989	0.116115	0.0678166
1.77529	0.220922	0.163251	0.00231527	0.0822944
4.66678	0.506525	0.307288	0.018373	6.3449e-05
1.8921	0.759211	0.0840967	0.0260451	0.0120457
1.06826	1.42395	0.25328	0.266113	0.000696163
5.14434	0.164712	1.1585	0.0253337	0.0448961
2.42621	2.61125	0.156494	0.0275845	0.0123776
1.23229	0.0621661	0.293637	0.0296279	0.287413
2.16297	1.14584	0.419904	0.0132994	0.0974213
2.69068	0.39002	0.394563	0.179393	0.242475
5.10613	0.384677	0.187324	0.0473707	0.141409
2.67715	0.67603	0.604145	0.0720893	0.0529273
6.52573	0.393587	1.06314	0.0949925	0.0019018
3.8289	1.31238	0.132214	0.134588	0.00340794
2.10607	0.560676	0.178657	0.11263	0.12621
5.30105	0.693436	0.171645	0.0160481	0.00303939
1.37275	0.279451	0.010725	0.238351	0.00524944
6.17902	0.166971	0.289364	0.00191405	0.0852527
3.60702	0.43923	0.175414	0.0309359	0.00150838
1.60156	0.0726473	0.420846	0.0714505	0.0500815
2.5248	1.0449	0.10789	0.0851049	0.00824639
1.43944	0.679545	0.0555624	0.116641	0.00328878
4.84349	0.13519	0.137726	0.181493	0.0174415
2.0368	0.386676	0.0652205	0.277946	0.00994211
2.28458	0.366993	0.454895	0.0640782	0.0191332
4.36466	0.145507	1.01165	0.191568	0.028857
4.42298	0.731528	0.17452	0.192869	0.0313766
3.23369	0.787347	0.0385482	0.174004	0.306586
2.32136	1.29311	0.241247	0.0151889	0.00815731
1.30794	0.262768	0.519708	0.00944162	0.0343936
3.60836	0.338508	0.250747	0.262787	0.00371549
7.79728	0.236333	0.00491125	0.0210549	0.00201684
2.09984	1.5916	0.36341	0.0318822	0.00678813
2.47549	0.895309	0.281281	0.0333696	0.0008719
1.96735	1.18683	0.41239	0.203653	0.0413325
