				
0.909312	0.036856	0.531982	0.0285183	0.00725591
3.06653	1.36378	0.311024	0.167484	0.0914481
3.80188	0.419098	1.22583	0.287974	0.0139087
0.932114	1.02785	0.575245	0.139048	0.0122834
3.17894	0.0369047	0.045335	0.191217	0.00679441
4.1044	0.980311	0.0685468	0.106713	0.00627685
5.17922	1.08363	0.00331506	0.049079	0.000449879
3.70699	0.244071	0.0552289	0.00394296	0.0391844
3.31589	0.289304	0.0547115	0.253502	0.102567
2.04678	0.886176	0.089344	0.0900301	0.0162126
0.674654	0.6839	0.0693461	0.0769545	0.204284
3.35814	2.19354	0.324682	0.173734	0.131958
2.87046	0.738895	0.0873598	0.0368725	0.131686
3.16791	0.484201	0.554578	0.0149483	0.0045782
5.56872	0.181075	0.37489	0.0830002	0.0020959
4.92232	1.2422	0.01814	0.00360966	0.174519
1.31029	0.814382	0.274942	0.133365	0.00114025
1.78811	0.543884	0.122363	0.353996	0.00115133
0.858445	0.978289	0.319985	0.00497439	0.0513059
0.803033	0.574411	0.412423	0.10307	0.00112437
5.56407	1.30545	0.472834	0.449933	0.00024511
1.97315	1.46942	0.0993215	0.202177	0.0001689
3.08436	1.46101	0.0722056	0.0163531	0.00037106
0.439607	1.06093	0.140009	0.161866	0.0304236
2.79403	0.249896	0.852364	0.611817	0.00273869
5.81097	0.555548	0.150376	0.0619773	0.00269347
1.55721	1.82925	0.0703996	0.0250286	0.0424408
3.55423	0.81169	0.156016	0.0923995	0.0868566
2.14923	0.644407	0.130911	0.113999	0.00694768
2.2672	0.659593	0.0215279	0.100946	0.0219013
2.45548	0.134075	0.00256019	0.0473074	0.0596107
2.49672	0.481801	0.120575	0.0265372	0.0164331
2.76095	0.546343	0.568502	0.0464671	0.0991987
4.27331	0.394486	0.0851698	0.0994377	0.000138139
5.15617	0.401552	0.0311138	0.003371	0.0224119
1.92398	0.93526	0.417376	0.0463073	0.0741149
2.41753	0.772655	0.406685	0.0563764	0.0347205
5.06426	0.893742	0.379462	0.0348583	0.0126479
1.9447	1.19964	0.294061	0.0608762	0.0159343
3.44428	1.20207	0.162588	0.511565	0.0466433
1.83584	1.98533	0.0561116	0.128673	0.000360232
0.732143	2.2404	0.277302	0.0098289	0.00116374
2.71518	0.149746	0.202184	0.0335279	0.281737
4.30592	0.826281	0.059768	0.0821867	0.00179809
3.64006	0.0919455	0.297785	0.0175414	0.00322824
2.22347	0.798968	0.159026	0.082761	0.0894104
1.12685	0.687129	0.0491589	0.059059	0.00958113
1.85463	0.0390087	0.251852	0.0906694	0.0213604
2.18959	0.67733	0.25311	0.0932391	0.230797
3.39077	0.658026	0.0569897	0.164519	0.00410744
5.48208	2.71364	0.218017	0.103573	0.0202929
7.26647	1.38478	0.0884417	0.467485	0.00425759
2.09984	0.888122	0.763487	0.00542304	0.0170925
3.76999	1.1943	0.732011	0.319288	0.017612
3.74554	0.557173	0.0764449	0.0197679	0.0353701
2.34301	1.81065	0.00358768	0.00328256	0.00714614
2.80614	1.58806	0.285865	0.279864	0.0438222
7.33973	0.349332	0.114691	0.0508827	0.0343352
2.57648	0.435139	0.466771	0.0396243	0.102469
6.35673	0.498597	0.0428309	0.140019	0.0879691
4.08018	0.504945	0.365566	0.0214433	0.00146003
2.52937	1.24059	0.256568	0.00980757	0.0242951
2.0392	0.508581	0.0249791	0.0058235	0.138823
2.28088	1.88347	0.0863206	0.00249719	0.00559987
1.30049	1.81678	0.0384682	0.0799422	0.000998435
3.68925	0.294129	0.00509741	0.00155659	0.0448865
4.02088	0.540056	0.00943026	0.0496348	0.00360536
5.76083	0.966155	0.199456	0.00897139	0.0453715
2.35111	0.470749	0.291416	0.0573782	0.00972246
0.595159	0.722177	0.395228	0.0637281	0.0393165
2.75011	0.062867	0.0999186	0.105316	0.000196315
4.80365	0.209187	0.998101	0.00617144	0.00172611
2.39005	3.30674	0.0771518	0.00109315	0.0123417
5.254	0.564972	0.115628	0.225737	0.0645992
0.35998	0.239567	0.509184	0.0433518	0.144819
2.28723	1.7846	0.12241	0.0064061	0.124055
3.25552	0.365867	0.267954	0.024727	0.0885741
4.95047	0.433457	0.747442	0.0124412	0.110566
2.0061	0.464314	0.0894012	0.0376236	0.142563
1.12616	0.904315	0.918209	0.300305	0.000686192
2.04697	0.520038	0.11402	0.0176835	0.0131109
5.15025	0.625508	0.0241949	0.367889	0.00108144
0.852398	0.743794	0.439745	0.111371	0.00569995
7.05827	0.592329	0.97031	0.0216061	0.0330925
0.871204	0.236919	0.47642	0.0748892	0.00967071
2.33672	0.724551	0.0993046	0.0108052	0.0576932
1.77042	0.254278	0.10313	0.0887464	0.000993557
4.90325	0.275085	0.435416	0.0815105	0.396944
2.95635	0.427594	0.0382031	0.00253527	0.341703
11.9844	0.324311	0.266332	0.00577483	0.0624149
2.64161	1.28532	0.0182965	0.0188326	0.000986541
2.41206	0.38297	0.0923044	0.78819	0.00857546
3.57133	1.37722	1.78597	0.00169285	4.32841e-05
1.91234	0.149221	0.13697	0.0203609	0.00750321
2.52072	1.1668	0.0328222	0.176714	0.0843907
2.65517	2.1804	0.654505	0.0984038	0.00849953
1.39886	0.688604	0.789955	0.0972478	0.0181437
5.1799	0.281354	0.0447625	0.00198177	0.00155763
2.92149	0.338498	0.288468	0.0619381	0.00465806
1.53322	1.08199	0.340068	0.000847161	0.0155928
2.14255	0.315124	0.0630326	0.0241148	0.0565006
5.41773	0.445549	1.17716	0.00530576	0.10428
1.99611	0.490463	0.135957	0.153698	0.0053687
3.22611	0.397403	0.429314	0.0493328	0.0088133
2.90535	0.584924	0.530876	0.0573115	0.00568397
2.74844	0.830364	2.79792	0.134209	0.123857
4.14757	0.695001	0.752768	0.0212181	0.00707325
7.30717	1.15643	0.208894	0.0374687	0.0180528
2.47599	1.02321	0.167166	0.00931516	0.11888
3.87139	0.179886	0.480661	0.222622	0.000125132
5.7058	1.88541	0.626699	0.0529882	0.00108423
2.11437	2.2248	0.0678102	0.033417	0.00675914
7.20857	0.134075	0.134645	0.0528664	0.000599559
1.68737	3.11566	0.0676345	0.0653373	0.113409
2.31149	0.890522	0.102989	0.564111	0.0125216
1.61334	1.81896	0.685953	0.0915641	0.0762952
1.97828	0.397859	0.119018	0.0860806	0.031075
1.55931	0.271221	0.00231893	0.0740427	0.02231
5.05526	0.492599	0.210624	0.0365134	0.00277053
9.19385	0.812123	0.0821428	0.116095	0.00428349
1.65414	2.67634	0.165684	0.0122829	0.00962202
2.36208	0.124935	0.0133409	0.0267332	0.0097338
3.00229	0.384497	0.390065	0.140758	0.0631469
2.41646	1.49335	0.0962281	0.0168132	0.218349
3.50897	0.122543	0.156352	0.132439	0.016357
4.85789	1.8753	0.253576	0.0364909	9.89067e-05
2.71154	0.967708	0.723687	0.00712941	0.000206681
2.54103	0.366924	0.032955	0.0703061	0.021538
6.88158	0.836125	0.266216	0.118332	0.00273118
1.01653	0.219049	0.00443162	0.0299272	0.0194681
2.48881	1.23294	1.08684	0.297141	0.0412268
4.11648	0.691268	0.564318	0.0017345	0.00407382
3.37822	0.315578	0.288811	0.0454102	0.000519926
3.93877	0.613078	0.00769348	0.138831	0.00204867
3.22452	1.35757	0.724084	0.324402	0.00257641
2.65806	0.330083	0.251514	0.281403	0.00694134
1.26896	0.869009	0.071086	0.0285494	0.0149519
2.81668	0.650906	0.112388	0.0418706	0.0609723
1.46761	1.18517	0.59687	0.203153	0.0573219
2.40289	1.3522	0.169858	0.00341132	0.0201422
1.94797	0.974401	0.198688	0.0580662	0.00145338
2.26551	0.431132	0.13201	0.0319402	0.0490134
5.58188	1.87371	0.264375	0.00477889	0.0438427
4.6768	0.536236	0.232504	0.0541175	0.00124747
5.28551	0.461088	0.412629	0.14399	0.105088
5.27217	0.767847	0.106251	0.0042437	0.124555
3.2796	2.42915	0.161719	0.0136929	0.0700146
4.76651	1.20408	0.0224778	0.135453	0.000154581
0.709292	0.420646	0.080911	0.184413	0.0274126
1.83096	1.18666	0.27676	0.0661667	0.0293411
11.0356	1.10453	0.19151	0.0801212	0.0224389
1.08772	1.47164	0.112069	0.162866	0.0242684
4.78437	0.491	0.653462	0.0368275	0.00353846
5.35307	1.38019	0.0297341	0.555156	0.00455701
6.46309	1.26919	0.183308	0.177605	0.000785896
3.5018	0.40611	0.192074	0.100367	0.0269209
1.66555	0.934536	0.0686637	0.0127768	0.24429
2.63996	0.0884245	0.308159	0.0477915	0.0408798
1.43909	0.207326	0.570121	0.0639195	0.117335
1.87619	0.48137	0.343096	0.031139	0.00782097
3.60121	0.512874	0.0830583	0.345578	0.00169113
3.04451	0.397924	0.190547	0.478769	0.00982739
2.47524	0.484982	0.274342	0.142402	0.0209943
2.95149	0.660843	0.0893395	0.00692436	0.0144379
0.66986	0.248746	0.291456	0.132163	0.0179117
2.81648	0.698415	0.0468164	0.062725	0.00175216
1.27669	1.46322	0.0766156	0.308583	0.0113655
3.20332	0.138545	0.384704	0.0153245	0.000791386
1.81803	1.16214	0.0177395	0.168512	0.00380213
1.7503	1.51093	0.505714	0.142465	0.00399521
4.73242	0.561986	0.00477314	0.0142783	0.0459725
5.45928	1.56891	1.02505	0.0687348	0.0490778
4.39721	0.347251	0.132484	0.0362898	0.123471
1.17033	1.07045	0.207443	0.00543631	0.00167462
1.8376	0.620405	0.0950682	0.0148847	0.0424559
4.19182	2.03943	0.171605	0.207883	0.00479597
1.12203	0.985747	0.00950954	0.00113098	0.210278
1.95506	1.79416	0.261274	0.0235067	0.0664019
4.08188	0.579517	0.477079	0.169626	0.000594596
1.41046	0.850563	0.622605	0.000684047	0.259094
0.548606	1.01157	0.215882	0.00285058	0.00153706
1.22481	0.868487	0.266793	0.221474	0.0201354
4.89403	0.11236	0.37398	0.155715	0.0238431
2.56661	0.31575	0.0761627	0.0321661	0.00673375
1.15204	0.302713	0.513737	0.0121079	0.12031
2.74439	0.88712	0.163092	0.029316	0.0232304
2.487	0.815244	0.775181	0.00953682	0.00976386
3.7257	1.18189	0.664521	0.10837	0.0116398
2.27499	1.5338	0.0507665	0.00758348	0.0186674
4.96229	0.759766	0.130635	0.108729	0.00506857
4.69971	0.133874	0.400295	0.188891	0.0212135
1.94196	0.179268	0.0585799	0.0436253	0.00238025
2.50702	0.344315	0.0262048	0.0181969	0.00739469
11.1364	0.707302	0.0131878	0.0589421	0.000310107
4.81162	0.758463	0.211591	0.205143	0.00162339
3.43111	2.25395	0.687974	0.0454481	0.0138203
5.67152	1.85995	0.265235	0.0453581	0.262803
2.91359	0.952146	0.936643	0.243168	0.0120059
1.82039	0.541744	0.0155917	0.0593596	0.105298
5.87878	0.601102	0.0626627	0.00560628	0.0674412
1.98436	0.295401	0.174703	0.0157526	0.000583183
0.914465	0.178856	0.224313	0.149581	9.25217e-05
4.38882	0.792148	0.0946704	0.0355796	0.0838899
6.55014	0.2734	0.0743323	0.00674106	0.0342458
3.82688	0.170494	0.629503	0.0488002	0.0155299
3.01218	0.217437	0.251989	0.167017	0.127315
6.5375	0.190007	0.98753	0.118772	0.0165884
1.24347	1.14553	0.0572314	0.00106119	0.0191364
3.29973	0.274069	0.088561	0.0865918	0.177567
2.91285	0.106055	1.55588	0.182871	0.430173
1.07997	1.5622	0.0386092	0.00458982	0.00747605
8.45816	0.581962	0.504105	0.0650537	0.0216202
2.47188	0.607089	0.0593929	0.0106703	0.00097522
1.93419	0.852269	0.0829711	0.0069283	0.00531221
0.517362	0.228261	0.194657	0.00342694	0.163106
2.76344	0.344173	0.356573	0.083784	0.0156604
3.62306	0.490658	0.930054	0.0851203	0.014617
2.26871	0.648162	0.262057	0.212854	0.0135025
4.03431	0.0615361	0.537723	0.0387297	0.058955
1.28527	1.49541	0.892708	0.0430558	0.0190732
5.02237	1.48905	0.500401	0.0773451	0.0790035
1.28052	1.07452	0.92511	0.0377294	0.00228285
6.01783	1.13695	0.0797259	0.0174387	0.00733084
4.87761	0.466586	0.0364712	0.0783935	0.00924959
1.26672	0.456691	0.00880744	0.0420865	0.00418761
5.1435	1.36155	0.0922533	0.0383694	0.00582745
3.17541	0.708761	0.0409528	0.287696	0.00707586
2.35512	0.0946122	0.0908634	0.0608769	0.134159
7.30475	0.400007	0.725455	0.0439375	0.00695226
0.992739	0.220442	0.199335	0.161125	0.000399252
0.842257	0.577302	0.451657	0.00822888	0.00614845
2.61592	0.681844	0.00568742	0.227267	0.00129686
5.78691	2.59151	0.124914	0.122395	0.00886573
4.04068	1.31236	0.561194	0.0527073	0.00261292
4.82055	0.43092	0.606709	0.115736	0.0255768
3.56451	2.00596	0.0727219	0.149623	0.00169566
4.50602	0.895664	0.561697	0.0621522	0.144439
3.61874	0.176411	0.630384	0.0453082	0.00712016
1.46934	0.0414941	0.488517	0.0327993	0.0940079
0.515669	0.304442	1.53065	0.104023	0.0199387
7.73311	1.89938	0.0453965	0.0199003	0.0526863
4.8866	1.02313	0.554134	0.00119319	0.0430232
2.02808	0.0676911	0.344576	0.155137	0.00819992
2.81739	1.09288	0.74622	0.0298964	0.00876942
0.880655	1.39197	0.811841	0.287568	0.033712
0.658243	0.257426	0.185303	0.00495805	0.0274423
8.33278	1.08228	0.498368	0.149172	0.0581897
2.42413	0.491349	0.215276	0.270765	0.0949947
4.19082	2.21891	0.250235	0.0336224	0.00190264
5.38149	2.15286	0.0274864	0.0430268	0.02405
3.92196	0.0890145	0.0223446	0.25113	0.055822
2.80553	1.45898	0.356088	0.0495135	0.00958829
3.619	2.23349	0.334027	0.0246239	0.000101259
3.36037	0.971235	0.215289	0.0538702	0.00225809
1.14842	1.03722	0.116389	0.186369	0.00534104
2.51098	0.440495	0.0088091	0.133464	0.00645555
5.06416	0.859187	0.0409632	0.0125364	0.00695004
2.85345	0.887636	0.0425446	0.234626	0.0011721
4.44223	0.158054	0.0812428	0.0705797	0.0294596
5.08621	0.408991	0.359987	0.0184897	0.0449158
3.83424	0.149357	0.190541	0.11773	0.00395909
4.03383	0.348524	0.0557482	0.104856	0.190866
1.73379	0.517134	0.969348	0.0237288	0.00535562
3.26027	1.90864	0.464609	0.102036	0.00041874
5.11223	1.12217	0.00710419	0.0631753	0.0107509
2.80701	0.221856	0.190714	0.00209285	0.0727235
4.3446	0.558966	0.956733	0.0590742	0.02103
6.11098	0.064192	0.063461	0.0143231	0.00234583
2.71977	0.42621	0.167397	0.0397652	0.121183
3.12847	0.350078	0.863303	0.154272	0.00608837
1.44805	0.350689	0.143156	0.139963	0.000294177
1.72326	0.905471	0.236444	0.073362	0.00686027
4.38676	0.143035	0.0954073	0.124281	0.0361414
4.12843	1.3383	0.126882	0.0216004	0.00330752
3.98673	0.0836357	1.68205	0.015695	0.180462
2.72262	0.230951	0.00494975	0.0320274	0.00600289
2.31233	0.822522	0.455856	0.338891	0.0875065
2.54228	0.863362	0.0359631	0.0278412	0.00115435
1.86306	0.082891	0.113714	0.0745905	0.0661922
2.81976	0.302102	0.715552	0.096405	0.000432011
3.58409	1.15336	0.167288	0.019643	0.00702935
1.19019	0.161516	0.236235	0.0115682	0.0299001
1.31622	1.57971	0.300853	0.305988	0.00685768
1.2077	0.970074	0.559798	0.021719	0.223781
0.337586	0.350243	0.0599012	0.0454343	0.00655815
3.57745	0.119917	0.0131756	0.217805	0.163608
1.68315	1.41931	0.210529	0.104545	0.0856152
2.68868	0.830655	0.0439581	0.143658	0.00232778
4.58709	0.618195	0.278151	0.00183272	0.0143516
5.90455	0.241417	1.17458	0.00326267	0.0626944
2.79554	0.0726594	0.212152	0.0243088	0.0028694
4.05024	0.344818	0.00282717	0.0813301	0.0027668
6.46144	2.07305	0.19783	0.0417523	0.000880287
2.2272	0.562488	0.308429	0.028463	0.00102468
3.71899	0.813936	0.326414	0.0203925	0.005266
6.29185	0.0626725	0.212863	0.18053	0.092939
2.17549	0.817396	0.0168514	0.30446	0.0781259
3.47389	0.0703174	0.528254	0.316374	0.000770601
2.06355	1.37222	0.092826	0.70954	0.0316843
3.02903	0.0320954	0.0470293	0.220252	0.00905955
1.8445	0.141265	0.11924	0.180886	0.152277
4.33438	0.179961	0.0795685	0.0598399	0.00151038
3.91871	1.47292	1.41003	0.0062325	0.196504
0.917088	0.691476	0.155283	0.25976	0.00194427
2.94585	1.33594	0.907632	0.0836065	0.0118453
5.97131	2.15373	0.0244606	0.00362787	0.233889
1.60179	0.801887	0.304935	0.135492	0.0238534
3.09361	0.756197	0.0244393	0.267298	0.00981007
1.61163	1.41229	0.330676	0.0140043	0.0036232
1.26995	0.330926	0.0288017	0.0291656	0.0610383
1.84931	0.380788	0.0653479	0.0987714	0.00303664
4.61546	0.0942011	0.107583	0.0215158	0.025949
5.3151	2.2433	0.06551	0.106457	0.00365978
1.15461	0.30523	0.204564	0.00978404	0.0665976
2.40294	0.802333	0.281758	0.177048	0.00927296
2.43439	0.0345269	0.243479	0.022208	0.106722
5.3632	0.87021	0.0315771	0.00291161	0.0280156
2.71159	0.613552	0.135158	0.101291	0.14261
3.13279	0.0427024	0.189867	0.000584254	0.000692524
3.39069	0.440391	0.462986	0.329455	0.0104126
1.41737	1.43713	0.0750534	0.0269981	0.0161492
1.43339	1.36339	0.0955209	0.0911947	0.00234128
2.35033	0.184636	1.09682	0.171527	0.0343328
2.27491	0.128089	0.156274	0.339688	0.0220611
4.54478	0.0792252	0.120854	0.009377	0.00205788
2.19113	0.210891	1.1017	0.111937	0.0533768
0.874083	1.12971	0.0451027	0.147367	0.00843813
3.32992	1.12459	0.346409	0.0792087	0.219914
1.67532	0.555356	0.166073	0.169653	0.0372942
3.92955	1.31247	0.13504	0.00162986	0.00396269
2.91313	1.55118	0.031937	0.0188884	0.00253785
4.5563	0.972165	0.0798767	0.175549	0.028125
4.5852	1.27929	0.905325	0.0529615	0.0557397
2.01733	0.0812202	0.385565	0.0589018	0.00396885
2.95207	1.30909	0.0551611	0.0103641	0.0276922
7.9042	1.19133	0.0416096	0.053029	0.0424159
3.25312	0.163039	0.422892	0.0748913	0.00468129
3.50956	1.3827	0.30839	0.0251016	0.0287531
1.97377	0.706249	1.34063	0.00257302	0.00685074
6.18202	0.468814	0.0387836	0.187795	0.0451195
3.11285	0.322948	0.346066	0.108383	0.0065327
5.48973	0.539757	0.0671383	0.128847	0.0635508
2.77758	0.204793	0.0748711	0.111397	0.00743121
2.61333	0.32081	0.254427	0.0695171	0.0278824
2.48646	0.105823	0.0968545	0.141922	0.0513914
3.65322	0.115075	0.0443433	0.123985	0.00326847
4.53704	0.581026	0.28051	0.0900294	0.00408093
3.86557	0.873831	0.203743	0.0631623	0.276861
2.39769	1.05918	0.0761456	0.081154	0.0221725
2.09829	1.23546	0.139593	0.00246123	0.0116461
5.61194	1.34313	0.309862	0.0218162	0.0192458
4.01582	1.43056	0.0513494	0.00433066	0.0330049
2.47362	0.166019	0.0106006	0.290322	0.0955502
4.17932	1.65357	0.127761	0.41016	0.000179674
3.08936	0.844697	0.219301	0.0532196	0.252041
0.704135	1.51226	0.0612612	0.0657094	0.00429241
1.06212	0.412926	0.121155	0.171757	0.152345
3.13757	0.325114	0.0220122	0.0061682	0.0179806
3.822	0.504866	0.498712	0.174102	0.106029
2.10238	1.52918	0.371204	0.10267	0.0191046
1.48553	0.486467	0.34604	0.981367	0.00126689
3.87565	0.902433	0.0995202	0.336162	0.0557989
6.86515	0.309448	0.0497886	0.0969026	0.0880403
1.77445	0.118731	0.0491585	0.148173	0.000883996
1.6841	1.023	0.191186	0.223654	0.00274793
3.89906	0.393078	0.781343	0.0880789	4.83601e-05
1.74698	0.445566	0.0528903	0.00534152	0.0156004
1.63187	1.53268	0.471585	0.0199415	0.0356635
1.95294	0.247444	0.369492	0.149758	0.00934049
4.22983	0.203022	0.468791	0.0253474	0.0380017
6.04759	0.394561	0.225592	0.183049	0.0910453
2.8603	0.676727	0.0893746	0.165082	0.00481467
3.89566	0.589163	0.0166855	0.183455	0.00248533
3.12168	0.643255	1.08235	0.0246914	0.0179088
1.37157	1.32069	0.015856	0.104301	0.160585
2.37605	0.603399	0.28973	0.00578693	0.0353157
2.72843	0.483123	0.990141	0.0367009	0.00417851
3.23658	1.61194	0.0912764	0.106741	0.0380346
2.70069	0.844164	0.260248	0.0395012	0.000676082
6.05001	1.11174	0.182492	0.0232631	0.00298471
3.54026	1.5249	0.0190434	0.0174914	0.000638741
2.28403	0.35795	0.492531	0.00286954	0.00611185
2.9695	1.31367	0.220601	0.0166753	0.0289038
1.71421	0.834094	0.132173	0.235926	0.134473
2.17518	0.389171	0.266875	0.00144018	0.0158881
4.56329	0.119857	0.289108	0.0144859	0.00699215
4.14049	0.74624	0.315799	0.132632	0.0153336
1.50642	0.285363	0.0156914	0.338716	0.116218
0.915534	1.35163	0.313823	0.0137362	0.106415
3.3757	0.167185	0.0666322	0.119588	0.116418
2.61842	0.37148	0.192187	0.00506846	0.0060662
0.799953	0.548142	0.753033	0.0443595	0.115257
1.70181	0.769025	0.0419356	0.0466222	0.00483293
4.82809	0.105418	0.0152092	0.514823	0.000252304
2.48557	0.532644	0.0896543	0.0307722	0.0229893
3.33443	0.364733	0.0954113	0.105982	0.0225164
1.84056	1.38079	0.0391782	0.0687163	0.0482782
2.83199	0.732985	0.479667	0.00625096	0.00384103
1.7704	1.05156	0.289648	0.257254	0.0784118
4.64865	0.276688	0.465169	0.0530638	0.000914899
6.41042	0.418331	0.0302724	0.0348069	0.431396
4.52071	0.377953	0.414111	0.00805917	0.204316
3.84836	1.93078	0.562234	0.167112	0.834133
3.58496	0.401832	0.981259	0.0391894	0.210569
4.55053	0.11777	0.144672	0.0900065	0.00239422
6.97052	0.457741	0.181852	0.00382353	0.00719047
1.62825	1.1354	0.070857	0.00191249	0.0555193
6.05702	2.47455	0.195039	0.0580792	0.00449376
0.936239	0.294337	0.0545521	0.231722	0.00168318
2.98707	0.759797	0.537134	0.0428138	0.0355542
1.62493	0.118693	0.528657	0.00514779	0.0279916
1.38649	0.239758	0.941626	0.0372879	0.0252144
5.98856	1.10861	0.0634259	0.13645	0.00401694
2.8056	0.998385	0.110339	0.132231	0.0382187
0.895628	0.218832	0.258924	0.161181	0.00687127
0.902392	0.491384	0.201347	0.0221343	0.0171889
4.283	1.17744	0.281928	0.0609042	0.0461717
2.6176	1.54688	0.303587	0.0524473	9.51465e-05
6.37178	0.420234	0.22669	0.0111329	0.000162517
2.53027	0.239518	0.105124	0.000728037	0.026171
1.32378	1.46982	0.117253	0.00177663	0.000209654
4.08847	0.766739	0.224113	0.0479991	0.120488
2.25495	0.942333	0.105695	0.0985763	0.00743161
1.85129	0.589975	0.118051	0.0211501	0.216284
6.71271	0.80555	0.78472	0.15169	0.00770144
3.65161	1.29882	0.148861	0.0148515	0.176536
2.78152	0.60094	0.271416	0.264921	0.000133205
4.87488	0.465853	0.0206888	0.745842	0.0168406
1.09944	0.93584	1.54867	0.133314	0.000966477
1.84996	0.54695	0.165647	0.0605698	0.132657
4.4485	0.64842	0.273168	0.0632812	0.0613594
1.98987	0.804784	0.235953	0.133774	0.0139516
3.00518	0.316765	0.234643	0.225838	0.0304012
1.49819	0.257264	0.249765	0.0139423	0.192174
2.86744	0.18942	0.303366	0.0127338	0.039149
1.61309	0.926812	0.163617	0.0276474	0.0356288
2.5221	0.180264	0.0922125	0.0329008	0.181059
1.69069	1.14351	0.121832	0.215046	0.095925
4.10813	1.14089	0.127475	0.038566	0.000382837
2.1413	1.00496	0.179343	0.000429968	0.00100212
1.27914	0.207798	0.126095	0.164946	0.00628076
5.8236	0.906179	0.761186	0.138989	0.0745153
1.68486	0.681037	0.094465	0.0156901	0.174673
4.9098	0.613592	0.0165105	0.097549	0.0924861
7.26205	0.678433	0.112715	0.00639104	0.103141
1.8252	0.151292	0.201166	0.00735937	0.000474583
0.789588	1.10579	0.136215	0.144977	0.00473971
1.94637	1.38566	0.244872	0.130975	0.0152667
2.15705	0.181666	0.0200275	0.00919532	0.00238244
5.53805	0.0470866	0.182276	0.00211055	0.00823399
4.43275	0.905721	0.0289084	0.134666	0.063925
1.57144	1.04768	0.41468	0.084063	0.0116293
2.23464	2.83129	0.207075	0.00894297	0.00349692
2.13653	1.4321	0.231804	0.0687177	0.0495126
1.15722	0.420343	0.116411	0.365973	0.144154
3.41582	0.119293	0.0722986	0.0790716	0.0238595
4.87261	0.62252	0.0876281	0.00209715	0.0156929
0.374199	0.157451	0.0552198	0.03738	0.0129148
3.86817	0.154863	0.445046	0.125587	0.113019
1.5335	0.591123	0.324093	0.0976085	0.0014509
4.43643	0.13158	0.270633	0.0232572	0.0852502
4.31356	0.834969	0.232318	0.165865	0.00135368
4.33578	1.12789	0.194739	0.158662	0.0330863
2.66623	1.13979	0.048794	0.196763	0.00525715
3.73649	2.34416	0.0445024	0.0460055	0.0184013
1.19787	1.05696	0.0789877	0.0277585	0.0351823
1.72815	1.10326	0.0156987	0.0530996	0.041616
1.7285	1.09971	0.126727	0.021713	0.407025
4.33556	0.963231	0.178431	0.178338	0.00211046
3.11632	0.523189	0.125635	0.0191917	0.00114379
1.16762	0.712791	0.158355	0.0228669	0.00131697
5.56707	0.981795	0.0985482	0.0113844	0.000239974
2.96219	1.65355	0.246545	0.0162112	0.0155393
3.65279	0.777144	0.778841	0.259121	0.00226091
1.86094	1.01731	0.15477	0.00220502	0.055471
1.502	1.63775	0.451197	0.0362256	0.0907922
3.19209	0.0260898	0.507566	0.0139313	0.0119879
3.46927	0.969125	0.236024	0.369999	0.071334
2.36128	0.309306	0.10001	0.0332653	0.105035
3.38695	0.518581	0.0725745	0.0608129	0.00242938
4.15131	1.78931	0.176335	0.0464583	0.00241044
0.555899	0.717093	0.0126864	0.0806636	0.000526756
3.41754	0.788624	0.0187256	0.00148295	0.00872913
5.69823	0.224815	0.413897	0.00759558	0.0262719
1.44756	0.143805	0.54331	0.00429352	0.113647
0.96574	0.721101	0.146967	0.483289	0.00961181
2.1202	1.27515	0.0236061	0.175898	0.00457776
4.73995	0.520303	0.182144	0.00685454	0.0496089
3.06851	1.45414	0.050102	0.128322	0.0210766
1.61299	0.870654	0.0599237	0.464422	0.122164
1.52723	0.99963	1.17604	0.0373713	0.0607277
0.744768	0.794072	0.311728	0.0521881	0.0193583
3.66849	1.5431	0.457682	0.0151135	0.173844
4.658	1.76402	0.0366746	0.0412083	0.069834
1.83146	0.583944	0.123601	0.00549066	0.103384
3.83348	0.153317	0.558241	0.00964661	0.00304793
6.77591	0.31462	0.677923	0.0437393	0.0286834
2.79469	0.441284	0.245792	0.0112588	0.00850439
2.62077	0.969789	0.0688524	0.0296	0.175163
1.79186	1.72109	0.610573	0.181959	0.394825
2.62681	0.695426	0.0551448	0.223543	0.00358832
0.948721	0.705528	0.0882546	0.0150136	0.0912772
1.76892	1.59564	0.741426	0.0613953	0.00735035
1.79547	0.86749	0.0280191	0.0910029	0.0332312
4.22222	0.385221	0.618701	0.028511	0.0447859
3.81889	0.738004	0.0770298	0.193683	0.000257099
6.42818	1.01505	0.14081	0.118571	0.00253069
3.53955	0.599928	0.151095	0.018492	0.0664519
5.34081	1.4919	0.0959721	0.24543	0.0126081
6.23496	0.880847	0.0153454	0.00755158	0.115743
1.09351	0.769726	0.0221424	0.0533735	0.00301418
2.63517	0.437281	0.703678	0.00116893	0.010222
2.80011	0.744233	0.062181	0.133854	0.000706652
3.72457	2.31814	0.15217	0.311743	0.00884101
2.94958	1.85058	0.601609	0.27898	0.0134865
3.90912	0.750615	0.225532	0.401329	0.00357818
5.77026	0.826671	0.660052	0.272941	0.000373179
2.52016	0.150949	0.116683	0.0148087	0.0707434
3.43765	0.187099	0.279685	0.105734	0.00978676
2.1335	0.683141	0.2351	0.0256211	0.0165564
3.54812	0.649392	0.118787	0.259989	0.0418847
3.31949	0.248534	0.249164	0.0270119	0.0137026
2.96977	1.13467	0.225874	0.0229615	1.93611e-05
3.7447	0.807101	0.61382	0.086454	0.0547807
2.47624	1.37202	0.547274	0.542066	0.0425403
3.24522	0.545811	0.756866	0.0050753	0.0832224
2.47569	0.897936	0.39639	0.593309	0.00543849
0.649914	1.7973	0.0728278	0.00938915	0.0364623
4.6129	0.673339	1.24158	0.0293992	0.0291424
0.771566	0.112545	0.0713862	0.00971678	0.000149162
1.88487	0.274224	1.04815	0.27674	0.158059
0.178674	0.0650395	0.252864	0.0200108	0.456996
1.93198	0.286121	0.519973	0.572249	0.0188596
1.41418	0.796853	0.0317108	0.225537	0.0876839
1.18593	0.0676002	0.463183	0.289397	0.000822323
3.03152	1.44148	0.582052	0.117849	0.0119524
0.190862	0.302306	0.170337	0.00796066	0.000907613
2.78494	0.6732	0.0263406	0.0133204	0.0284361
9.32725	0.654895	0.344175	0.0950345	0.00582628
3.48333	0.911247	0.018496	0.11434	0.000761609
1.98738	0.280955	0.937922	0.239392	0.0806758
1.91968	2.71431	0.0448664	0.0697398	0.024617
1.38947	0.300421	0.327573	0.187586	0.0433429
2.57593	1.78096	0.73232	0.00885308	0.0394383
2.39578	1.56522	0.1304	0.0438799	0.0234222
2.74278	0.193355	0.107596	0.0100681	0.116135
4.69144	2.64111	0.0831805	0.245665	0.176583
0.44539	0.266017	0.113467	0.046276	0.000368369
3.23242	0.200144	0.00474321	0.00279836	0.00358104
1.3897	2.25797	0.0521704	0.0224118	0.000667871
4.89955	0.621946	0.259235	0.097896	0.162699
4.68243	1.13767	0.26391	0.409988	0.125302
2.60029	1.19837	0.0770922	0.177095	0.000801467
4.10729	0.266679	0.0861798	0.00203096	0.0342011
2.65456	1.21944	0.5929	0.0929501	0.000329265
2.10028	2.83118	0.290303	0.0250627	0.00379183
3.01949	0.0785326	0.312616	0.0481781	0.00822299
4.7293	0.923877	0.153458	0.0256893	0.00310408
1.73554	0.418709	0.367591	0.00575915	0.0047601
4.26987	0.141384	0.326518	0.173866	0.06535
2.14822	1.73147	0.124425	0.0327398	0.0725166
4.3847	0.719824	0.475166	0.01615	0.00424686
5.30105	0.148685	0.410402	0.0657955	0.0272844
1.21683	0.177852	0.33521	0.140307	0.00270042
4.90569	1.94991	0.253793	0.493896	0.0024715
0.886975	0.782416	0.00789416	0.1288	0.0343627
2.60922	0.649475	0.237153	0.555851	0.0837727
2.92921	0.187503	0.208937	0.231445	0.0280237
5.99151	0.329407	0.269941	0.0860426	0.0677209
3.54928	0.48846	0.291203	0.180748	0.126747
1.78275	0.360941	0.176385	0.181397	0.0902762
0.864072	1.50109	0.318638	0.0101188	0.0595987
3.31124	0.496181	0.764684	0.000822251	0.033312
4.46116	1.39366	0.0645065	0.302039	0.0192388
4.57615	0.128912	0.793673	0.0218481	0.0704983
5.37442	0.0800617	0.327346	0.404943	0.00550568
4.96679	1.07981	0.0686645	0.0243498	0.0975832
1.63913	1.15433	0.0754172	0.00328747	0.00115506
1.69495	0.846235	0.0454697	0.300193	0.0102998
2.48913	1.39718	0.333199	0.0607057	0.0126565
0.97305	1.13759	0.303682	0.0263827	0.0105822
2.70654	0.393995	0.0376361	0.0438071	0.00558938
1.2431	0.284996	0.384437	0.0223311	0.0519972
5.20917	0.717168	1.14008	0.0661461	0.0273108
3.52035	3.35833	1.05016	0.247362	0.192932
0.890652	0.221787	0.192759	0.00261759	0.0350409
1.29964	0.276135	0.0608651	0.0118913	0.0823733
4.79779	0.661898	0.147936	0.0295543	0.00747465
5.2071	1.70169	0.248132	0.18718	0.00790976
0.382774	0.227613	0.0270204	0.738035	0.00523109
6.42813	0.474257	0.859771	0.120286	0.00543309
3.79685	2.31549	0.340166	0.0803511	0.0135284
2.80109	0.876921	0.157864	0.0699709	0.0362834
2.58384	0.990685	0.0610674	0.00126403	0.00603267
3.99447	0.682813	0.118365	0.172176	0.00992064
2.28625	0.0820376	0.164429	0.00145369	0.0276816
1.59937	0.390302	0.0585523	0.216725	0.00035997
1.62337	0.823951	1.3845	0.0857413	0.00568747
2.96755	1.20609	0.117919	0.0244415	0.113837
4.64835	0.366168	0.224049	0.0212096	0.0160312
3.36915	0.191064	0.154672	0.000844595	0.00129868
2.24512	0.661846	0.153393	0.0973674	0.0657304
3.03791	0.095231	0.479749	0.764765	0.0356978
4.98623	0.398765	0.214765	0.153915	0.0389701
1.07953	0.504842	0.020737	0.0259376	0.0287304
1.72322	1.47091	0.227537	0.125676	0.0932604
2.52359	0.918054	0.114867	0.0598536	0.00405305
1.93475	0.177043	0.176802	4.17233e-05	0.000801479
3.00549	0.726513	0.0309188	0.0410359	0.0501799
2.92449	0.867677	0.24186	0.0126176	0.0862511
2.28252	0.5951	0.146043	0.0331197	0.325125
3.55021	0.594344	0.14535	0.0159721	0.00252485
1.26838	1.28545	0.526221	0.0297733	0.0741159
3.11711	0.829134	0.477281	0.0732134	0.000154088
10.7504	0.547433	1.56733	0.231292	0.00223144
6.36842	0.461614	0.0669987	0.0177394	0.130719
2.41185	2.76445	0.0753947	0.0433535	0.0448062
2.38504	0.592636	0.230675	0.0142225	0.0048894
2.05155	2.64841	0.355313	0.175159	0.0596145
6.9807	1.445	0.643221	0.035993	0.0519788
3.20459	2.03371	0.090599	0.0575852	0.0106459
3.71336	1.53083	0.00395693	0.221221	0.00159886
2.25322	0.694118	0.612191	0.129049	0.00334792
3.16381	1.09499	0.0982443	0.00189141	0.495805
2.754	0.628718	0.402445	0.0294361	0.190548
0.860451	0.0421543	0.31583	0.209271	0.000348574
3.32366	2.2844	0.705438	0.0687913	0.138041
1.1443	1.7032	0.119016	0.342478	0.18153
2.72323	2.68479	0.458141	0.0260933	0.0112193
2.26302	0.344	0.188498	0.223309	0.0405644
5.97021	1.26057	0.289075	0.040747	0.00338737
3.30446	0.161297	0.536452	0.257648	0.00170006
4.32328	0.65088	0.219511	0.29334	0.0390226
2.19711	0.306159	0.393772	0.0435977	0.018734
5.70123	0.762119	0.302404	0.0916602	0.0367507
2.83695	1.6207	0.0661843	0.328709	0.00286147
3.84438	0.437999	0.391695	0.128641	0.013072
5.60995	0.17615	0.512782	0.0252727	0.0165499
1.41649	0.274857	0.0315045	0.0981278	0.128225
2.9382	0.479652	0.167215	0.00282921	0.000695614
2.8672	2.00059	0.556676	0.135701	0.00131458
1.94164	0.790075	0.103794	0.000402367	0.000225877
1.9179	0.363704	0.278719	0.278118	0.057779
2.36981	0.679755	0.0135703	0.0147186	0.0272919
5.82496	0.64225	0.178097	0.118178	0.00672717
3.16623	0.892523	0.494724	0.0179452	0.0345086
2.18106	2.04916	0.361581	0.229903	0.0550965
2.84246	0.696956	0.31663	0.0612136	0.00811929
2.88047	1.78469	0.548758	0.367764	0.213225
2.29073	0.727997	0.119232	0.113267	0.156211
3.47189	0.470807	0.648689	0.0052232	0.0229713
3.45771	0.348474	0.0694827	0.0245516	0.00781196
1.02629	0.693132	0.412109	0.0182836	0.011722
1.13705	0.127012	0.000544328	0.0300804	0.0554069
4.00438	0.661025	0.00790102	0.11034	0.261214
2.23484	1.59847	0.197484	0.00175352	0.00974363
3.14626	0.677903	0.486306	0.0379125	0.000162041
1.94004	0.415441	0.436589	0.0560739	0.0183238
0.787486	2.08007	0.379281	0.0447842	0.00429861
1.28839	1.30374	0.235367	0.0123527	0.134141
1.21836	2.07636	0.436331	0.108471	0.0223387
6.20435	0.244171	0.0071882	0.00114227	0.00598432
1.65707	0.661065	0.602193	0.308957	0.0660436
2.51027	1.42133	0.146748	0.141664	0.0961907
0.396629	1.05601	0.658867	0.0340673	0.120655
0.814939	0.729713	0.157974	0.00865725	0.18183
3.02254	0.305288	0.14384	0.00617303	0.00029743
2.00127	0.517034	0.105115	0.0203251	0.0260965
3.35566	0.682682	0.353454	0.068974	0.00248828
4.95866	0.705358	0.586725	0.311229	0.00257781
2.79381	0.505969	0.544844	0.232188	0.0143719
2.86351	0.301014	0.0992854	0.111086	0.0512387
1.38318	0.0708286	0.29259	0.0489074	0.000188647
1.8597	0.152161	0.0220889	0.0598282	0.000771742
7.7688	0.278884	0.346308	0.00839394	0.0136884
2.11281	0.116116	0.0836168	0.216619	0.0936175
2.42602	0.411924	0.574311	0.389384	0.0903513
5.43248	0.224671	0.105146	0.336615	0.000392534
1.17099	0.692833	0.269968	0.135851	0.00892319
6.8043	1.09857	0.462134	0.0269584	0.0489768
4.07275	1.94043	0.00951919	0.00998413	0.0170504
1.90127	1.00921	0.176666	0.0135389	0.00542446
5.00528	1.07878	0.0435759	0.00530077	0.000631053
5.89051	0.711221	0.0547829	0.12773	0.033754
3.59887	1.26454	0.0936808	0.0140961	0.00230432
2.55214	0.471394	0.220425	0.0806681	0.00193104
1.89077	0.177264	0.00903951	0.0115098	0.0203136
2.75658	1.35236	0.00354553	0.0469093	0.0839971
1.90396	1.5149	0.193361	0.428506	0.0127799
7.11742	0.581751	0.0617061	0.0356231	0.0542024
1.8542	1.5365	0.0553693	0.00629186	0.0152624
2.13668	0.551765	0.5993	0.0223183	0.203237
1.23081	1.29203	0.110531	0.0115626	0.00243957
6.72165	0.522489	0.363567	0.14051	0.054023
1.98644	0.0621255	0.308447	0.0110408	0.00889821
3.14571	1.01241	0.0892708	0.157202	0.00130317
1.52589	0.276608	0.144528	0.0104335	0.00237221
2.08724	0.492486	0.26524	0.144876	0.256402
1.77353	1.97755	0.141181	0.00519219	0.00173879
2.11611	1.16612	0.352413	0.0236066	0.077487
1.13724	0.965965	0.942956	0.0245074	0.0510737
5.35956	0.980073	0.454107	0.144612	0.0886506
3.86835	1.11273	0.134582	0.0083482	0.0650259
0.495296	0.975044	0.453597	0.0725578	0.274474
9.31899	0.287342	0.112389	0.0517867	0.00108107
3.46945	0.605771	0.384341	0.0146666	8.93467e-05
1.29987	1.51967	0.35377	0.188451	0.00128826
0.893298	0.680185	0.502444	0.173904	0.317183
3.37541	0.398146	0.494245	0.0630863	0.0811448
2.22594	1.0329	0.0446309	0.103198	0.257515
3.11752	1.06292	0.521826	0.0110183	0.0612546
1.89915	0.148909	0.434415	0.134073	0.000329946
4.15923	0.514073	0.0514747	0.100703	0.0221443
2.38583	0.17776	0.435786	0.0662109	0.0462887
4.15703	1.18957	0.42465	0.282005	0.00177952
0.709745	0.607689	0.207987	0.26347	0.100072
1.28328	0.124666	0.209961	0.0232313	0.0290797
3.39927	0.215525	1.2503	0.141231	0.138968
2.44718	0.535386	0.14033	0.232423	0.119545
2.0679	0.619296	0.324693	0.00116635	0.0263703
0.597387	0.781939	0.491089	0.0366931	0.20664
2.17392	2.19491	0.0115425	0.0353734	0.0281015
2.58027	0.673332	0.393866	0.0203113	0.103746
3.0712	0.123195	0.612813	0.0157152	0.013013
3.99853	0.877334	0.175428	0.0350063	0.014375
3.68952	0.136192	0.332036	0.0622595	0.000503162
2.80094	3.02246	0.503525	0.0191937	0.0283023
2.89133	0.211751	0.353701	0.0743575	0.00275374
2.44253	1.44746	0.0732861	0.0446546	0.0229682
4.48778	1.21565	0.440908	0.102967	0.00169029
5.05605	1.3782	0.184583	0.0204573	0.00960374
2.79191	0.197981	0.0436709	0.0804755	0.00488534
4.15949	1.15151	0.398958	0.0184532	0.0475389
5.42795	0.496385	0.314915	0.0247924	0.0490553
3.48096	0.0453184	0.385578	0.00623215	0.0185555
3.63101	0.12185	0.0918162	0.0247369	0.0122593
1.34131	0.97463	0.226099	0.0664641	0.00555323
2.37876	0.647316	0.486188	0.0265208	0.0490452
5.00167	0.639916	0.422878	0.134917	0.000770593
4.34153	2.07503	0.570317	0.616777	0.0160776
1.9236	1.44455	0.602509	0.0990802	0.00298257
1.56184	0.178034	0.16928	0.0360505	0.130551
2.3327	0.336063	0.305003	0.106048	0.000333762
1.07314	0.922923	0.0839616	0.0855172	0.116846
3.80017	1.82378	0.0233308	0.261546	0.0141401
1.34408	0.334971	0.658367	0.556143	0.000796912
4.53009	0.549084	0.00183168	0.189931	0.00211884
1.71726	2.54002	0.354366	0.0495027	0.030259
3.09271	0.339449	0.147068	0.00296243	0.0126853
1.48367	1.07058	0.530583	0.0209739	0.000548742
0.453765	0.72242	0.705727	0.00879218	0.00100785
10.6137	1.08767	0.00754125	0.0404218	0.0272612
2.26035	1.03508	0.378054	0.0844876	0.0115283
1.50486	0.653876	0.907152	0.0315848	0.00862474
2.7455	0.443846	0.104577	0.0240539	0.00899205
2.4593	0.198629	0.0933952	0.0816588	0.000509684
2.2025	0.204048	0.00107644	0.0478399	0.0451266
3.30092	0.116597	0.417331	0.252935	0.00459655
4.58762	0.827744	0.438907	0.0309334	0.0019511
2.58652	1.04883	0.231613	0.1136	0.142265
2.01346	1.0118	0.329199	0.00118258	0.0540948
1.20067	0.143066	0.706806	0.130459	0.0791561
5.38095	0.818436	0.0364982	0.20679	5.84371e-05
2.70632	0.419008	0.869569	0.0253195	0.00715836
2.13883	1.05884	0.153729	0.0368257	0.0301703
3.71093	1.1895	0.0415389	0.39283	0.0776014
1.92425	0.548349	0.122496	0.0645106	0.0337839
3.20316	1.12909	0.123708	0.00163276	0.00225468
4.72204	0.222065	0.168436	0.00390603	0.0769012
3.60214	1.00895	0.21192	0.0697141	0.00366727
10.042	0.323653	0.295154	0.31129	0.000629593
1.43481	0.881351	0.0443562	0.0174544	0.0101771
5.04333	0.141944	0.0783135	0.00712202	0.124488
1.22983	0.603013	0.0441338	0.00831912	0.0116434
2.75562	0.780429	0.448473	0.273965	0.000930274
3.94164	0.202802	0.0433191	0.462271	0.0308683
1.69599	1.24321	0.0887514	0.0196937	0.00646432
1.39308	0.286677	1.14089	0.296602	0.00762334
0.642923	0.264154	0.364285	0.0795382	0.109639
5.77113	2.29307	0.374926	0.101056	0.00155639
0.611142	0.352231	0.077627	0.00476598	0.00358732
2.50546	0.516746	0.194527	0.00503774	0.00304691
4.2156	0.0708614	0.242786	0.00605791	0.127642
8.07905	0.531303	0.109949	0.00927274	0.0930996
3.02527	0.740874	0.424667	0.350076	0.0232349
2.75055	0.455125	0.122536	0.223724	0.0280786
2.68159	0.663089	0.27757	0.117654	0.0117514
1.5943	0.280162	0.00547366	0.00940032	0.00708599
6.09488	1.21736	0.882451	0.137862	0.00572036
3.24087	2.1374	0.0435343	0.617107	2.73838e-05
1.63343	2.03161	0.338844	0.0169806	0.00183889
2.03632	1.2649	0.0923238	0.168375	0.0716596
1.3668	2.43052	0.709158	0.176143	0.190424
3.33448	0.876919	0.865853	0.0372162	0.000884439
4.39941	0.417995	0.385291	0.000366086	0.00492488
7.95963	0.958425	0.165636	0.152593	0.0118407
2.59047	1.94598	0.197632	0.0759955	0.00156631
2.8943	1.87876	0.343829	0.0162045	0.000792097
7.81041	0.425672	0.185079	0.00705343	0.0125539
6.71669	0.0870264	0.607861	0.0349247	0.0864982
4.9109	0.650921	0.0070221	0.0299172	0.0686784
0.389274	2.49268	0.0853795	0.00307331	0.0177116
2.48543	0.228502	0.027554	0.0178278	0.0728389
1.97672	0.500309	0.117577	0.0887598	0.132486
1.50094	0.831223	1.49194	0.00226791	0.00886066
0.307526	1.1949	0.84945	0.104608	0.0112243
0.246366	1.4483	0.139856	0.150511	0.00602861
1.28367	0.430872	0.162461	0.0120826	0.0462583
4.56229	0.138607	0.578722	0.092215	0.00710471
3.36663	1.32292	0.0307756	0.0930004	0.156373
4.59315	1.28795	0.0889747	0.435308	0.0754102
2.03539	0.683658	0.960473	0.130357	0.00579899
2.06276	0.188243	0.254057	0.00183071	0.0116036
2.34299	0.339619	0.293439	0.224339	0.170486
2.4103	0.533385	0.0196574	0.116309	0.0019511
1.3183	0.0716225	0.0420605	0.00136847	0.0521382
1.48405	0.648579	0.0490408	0.0136774	0.0445851
1.56839	0.183632	0.270123	0.00153085	0.0135535
1.61912	0.267795	0.130458	0.0193438	3.25169e-05
2.96578	1.55506	0.465226	0.171641	0.0278572
3.52293	0.0639459	0.228498	0.00841094	0.0627175
3.22342	0.549745	0.00119372	0.324199	0.196907
1.37833	1.03479	0.12936	0.00183835	0.0394413
3.24344	0.756769	0.00977683	0.0250531	0.00110218
2.46731	0.66999	0.0186242	0.152006	0.00994801
2.38793	0.987523	0.259775	0.0247966	0.000161511
1.7714	0.158411	0.113781	0.0668417	0.121311
1.27731	1.16086	0.120332	0.0408758	0.00877949
1.66883	0.161767	0.165939	0.101794	0.0159538
2.39665	0.524707	0.46588	0.141712	0.0233514
2.20448	1.6574	0.17834	0.0386361	0.0189894
1.47682	0.64981	0.0494752	0.00379347	0.0509671
1.74225	0.424982	0.105834	0.00647205	0.00207647
6.32271	1.14955	0.555974	0.00339432	0.00321224
0.785912	0.13117	1.03679	0.169827	0.259302
2.24356	0.195591	0.208831	0.218249	0.000990854
3.42266	0.206541	0.0632116	0.104484	0.046301
0.775089	0.734846	0.386751	0.08591	0.000379011
2.42779	0.97874	0.024601	0.166312	0.388733
2.21397	0.901307	0.107735	0.00646796	0.0089932
3.35489	1.18153	0.252135	0.0763014	0.00148475
5.95189	1.21095	0.617111	0.0231909	0.000468253
3.73122	0.786391	0.265749	0.105329	0.147214
1.21629	1.09592	0.22674	0.154628	0.0156792
7.2035	1.07291	0.47268	0.0397579	0.0160913
2.16089	0.483315	0.626111	0.0153754	0.0164056
1.5998	1.19222	0.924309	0.22107	0.00478355
4.09119	0.470977	0.302304	0.000310444	0.00427392
1.53262	1.60228	0.0607281	0.0391193	0.00138387
4.05147	0.0850785	0.029394	0.167828	0.0294692
3.54324	2.90321	0.325938	0.0214441	0.0129702
2.71175	2.27831	0.186479	0.00536769	0.000521131
1.61069	0.268227	0.20479	0.233718	0.000536578
1.94441	0.942332	0.404067	0.00461228	0.0422941
4.45174	0.856742	0.763268	0.210676	0.00562233
0.535063	0.410679	0.208726	0.0105767	0.00753773
1.5336	1.25484	1.39552	0.0860695	0.0410052
5.01343	0.172699	0.0174817	0.0594385	0.0341355
1.07567	0.414888	0.0383767	0.337228	0.0316774
5.10962	0.626302	0.00312046	0.0645045	0.0161042
3.46913	0.554719	0.226498	0.00560708	0.00633171
1.02241	0.639464	0.274013	0.0839018	0.000645464
2.00716	0.124307	0.317925	0.0286539	0.016656
2.0125	0.0986144	0.0419253	0.17394	0.0719966
2.53116	0.819926	0.0289214	0.125068	0.10846
4.24301	1.18433	0.100073	0.0407361	0.0163872
0.444991	0.529696	0.0242407	0.186622	0.128593
1.62434	0.512108	0.150846	0.147307	0.0119136
6.55401	0.133122	1.07002	0.0516963	0.00984166
2.18506	0.440236	0.285965	0.00789527	0.000959748
1.44901	0.446476	0.0384614	0.111538	0.0917397
3.26646	0.578912	0.168459	0.225529	0.0960363
1.15683	0.378445	0.0331856	0.00113778	0.0633066
0.972203	1.15222	0.0314971	0.436955	0.0966784
2.0492	0.489395	0.00519695	0.292018	0.0206867
1.00449	0.808798	0.464465	0.0676132	0.00298264
4.26244	1.88381	0.153264	0.0550693	0.0157351
3.48339	0.533377	0.0640008	0.140804	0.00546641
1.21732	0.0472328	0.935714	0.0290036	0.000985248
1.94461	1.83549	0.118626	0.0944533	0.0112455
0.73987	0.505264	0.259603	0.0661977	0.0311849
1.38929	1.73137	0.00573484	0.0210327	0.417758
9.54694	0.722662	0.353066	0.0414212	0.00345909
2.52484	0.087341	0.165003	0.141839	0.0176737
6.50634	0.491634	0.126153	0.204759	0.0469827
6.60587	0.198046	0.0720597	0.0114315	0.00689726
1.24034	0.240825	0.195807	0.0966389	0.014749
1.70269	2.26531	0.0492794	0.273491	0.00435674
2.00505	0.262877	0.516203	0.116259	0.002407
2.04863	0.587714	0.0757134	0.137806	0.145564
0.666729	1.25456	0.910789	0.115839	0.0170743
0.71762	0.572793	0.124698	0.051576	0.000885764
4.65482	3.05144	0.0420611	0.0150134	0.0814163
1.751	0.635734	0.0877762	0.00325315	0.0254048
2.03127	0.854174	0.131163	0.0184908	0.00282929
1.84174	0.444082	0.175086	0.181836	0.126456
3.86455	0.8314	0.0416456	0.00516099	0.00283207
4.91898	0.727267	0.255622	0.00393876	0.333424
2.56999	0.783155	0.413323	0.0868356	0.14305
2.40437	1.44495	0.0101044	0.138567	0.00315927
1.12983	0.863615	0.333309	0.115969	0.00269031
5.61379	0.823701	0.413838	0.343895	0.00218559
3.35763	0.452925	0.0799293	0.0966682	0.0132641
0.539773	0.727925	0.183677	0.184993	0.0013164
2.47315	0.559639	0.1443	0.0278072	0.00508347
3.66508	0.642608	0.239942	0.0647074	0.0060942
0.829011	0.304624	0.190918	0.00451799	0.0266827
2.22567	1.45026	0.0770763	0.102451	0.000541577
1.48473	0.335763	0.251542	0.0182532	0.00147469
1.42929	0.39668	0.428294	0.0274197	0.0668391
1.37853	0.125347	0.509316	0.0312089	0.0559392
1.42949	0.687625	0.250914	0.157661	0.000223237
5.89532	1.17582	0.550625	0.0142854	0.00124958
1.71547	0.197211	0.0123288	0.0618086	0.0627668
4.17287	0.384998	0.255516	0.116221	0.229452
3.33683	0.203642	0.0804682	0.0190902	0.000805973
1.68288	0.369757	0.09213	0.166863	0.0231401
3.27845	0.402355	0.00881432	0.212476	0.0414866
2.22963	1.07221	0.0632992	0.320625	0.0167188
3.08039	2.21546	0.183464	0.0113427	5.02151e-05
0.631119	0.311037	0.248478	0.224163	0.0258455
4.12335	0.566076	0.208423	0.0102939	0.0183916
2.94135	0.353936	0.33042	0.0125964	0.023744
0.803909	0.328157	0.0923837	0.160684	0.0226352
7.90864	0.334315	0.166833	0.00171789	0.0121755
0.934837	0.284504	0.948491	0.0105288	0.0771525
1.6284	1.01609	0.193711	0.0168548	0.020407
0.733184	1.05274	0.0526423	0.020512	0.163978
4.3445	0.46239	0.155189	0.0640235	0.0114251
2.5381	0.443534	0.363845	0.161097	0.00908318
2.57479	1.32964	0.139805	0.0467666	0.00215125
0.737472	0.579464	0.0232562	0.325939	0.025645
3.9296	0.174296	0.291042	0.0601819	0.0211315
3.28516	0.507039	0.88654	0.00329776	0.0719202
1.50198	0.878036	0.289449	0.100923	0.0338727
3.47454	0.54339	0.420432	0.0303328	0.000692205
1.18305	0.512434	0.576155	0.00329409	0.0341905
1.77704	0.597041	0.00405693	0.134121	0.0270136
0.618153	1.21328	0.337696	0.0231567	0.00727326
1.74605	0.380968	0.186201	0.023309	0.0098803
2.62607	1.6653	0.562934	0.00382502	0.00111181
2.02852	1.28361	0.255155	0.00257134	0.00914405
5.58388	0.24757	0.282493	0.0661134	0.00133792
5.07435	0.720244	0.129302	0.250161	0.0164743
5.02793	0.781412	0.380177	0.0186026	0.00228865
0.660292	0.25522	0.261069	0.0103318	0.112155
5.50804	1.14103	0.0837054	0.0247363	0.00137758
5.46109	1.08981	0.0311399	0.00877128	0.0113413
0.944601	0.393328	0.0839342	0.000445845	0.00117128
1.38314	0.422626	0.0407931	0.331882	0.25308
2.71126	0.145823	0.321831	0.62959	0.0384337
1.72385	1.55223	0.138975	0.158242	0.00361033
6.10327	1.42432	0.393976	0.00687805	0.00971678
1.27453	0.66991	0.145399	0.0201333	0.00728643
3.09303	1.20753	0.0472937	0.12887	0.0298039
3.057	1.13374	0.158567	0.0928624	0.00113481
2.49339	0.251079	1.05973	0.285457	0.0290932
7.20135	2.27229	0.636246	0.0607071	0.0157652
2.12954	0.879091	0.0838801	0.000183978	0.0397915
1.14604	0.549521	0.303498	0.0387284	0.00592701
2.56325	0.984104	0.0581737	0.128037	0.00390386
4.98172	0.240909	0.174807	0.154526	0.036619
5.87943	1.35948	0.201208	0.00264328	0.00267372
3.97791	1.60407	0.462459	0.162089	0.00204884
1.54387	0.44327	0.165512	0.147949	3.63695e-06
2.25082	3.24138	0.0801238	0.105063	0.000417101
1.19236	0.83674	0.214186	0.27048	2.30564e-05
0.978774	0.142048	0.523816	0.0254178	0.00886252
2.65383	0.305269	0.00549346	0.123441	0.0872546
4.3475	1.00675	0.0451025	0.158057	0.00221784
4.83367	2.59228	0.560307	0.105705	0.0151974
2.51802	1.54491	0.421967	0.0694933	0.0222776
3.59502	1.85944	0.31241	0.00500525	0.0192032
1.77155	1.34964	0.044546	0.0251423	0.00721101
2.56422	1.86749	0.0525967	0.0392902	0.0338257
3.05658	1.316	0.411763	0.0698554	0.0224793
1.3429	1.39552	0.907549	0.0156096	0.00892803
3.30325	0.39687	0.147638	0.0220295	0.0176171
6.16564	1.49508	0.186733	0.0075015	0.0391019
2.57077	3.02659	0.00413488	0.10485	0.00693237
2.19512	0.396175	0.132459	0.0344732	0.00361364
4.10992	0.782355	0.840997	0.412323	0.0237001
1.26523	1.19259	0.669884	0.198727	0.0588903
3.63661	0.964568	0.432054	0.285862	0.224982
1.12332	0.81246	0.187384	0.176327	0.0813236
4.62659	1.06214	0.314266	0.0283787	0.227094
4.75264	0.277372	0.157459	0.00360556	0.041648
3.62727	0.402178	0.0214149	0.0194336	0.0383644
1.00637	2.34189	0.261951	0.0246805	0.048107
7.70957	0.964426	0.581724	0.00744996	0.141281
1.76654	1.11608	0.168078	0.133557	0.000176568
1.38516	0.330668	0.0117202	0.0357334	0.0270761
0.749246	0.57429	0.0131872	0.0628594	0.00685336
2.77744	1.26107	0.211285	0.00110969	0.0318975
1.7718	0.268011	0.51396	0.0714461	0.0139171
2.16972	1.16088	0.0420623	0.145941	0.0789383
1.29448	0.166638	0.0606138	0.0536302	0.427267
5.64656	1.43566	0.386682	0.00557622	0.014576
4.10791	3.07492	0.0461691	0.157611	0.0333445
2.66734	0.794431	0.266053	0.0262472	0.00027472
4.85452	2.70653	0.327395	0.0291231	0.190698
1.48457	1.04695	1.33623	0.168765	9.86383e-05
3.56687	0.751717	0.00255988	0.296545	0.0324779
0.751175	0.656502	1.32129	0.113955	0.445633
7.41363	0.534434	0.140836	0.0453293	0.0085385
3.43314	1.89438	0.0454262	0.00296853	0.117222
3.56555	0.708411	0.0397908	0.113523	0.103975
1.06686	0.267596	0.154644	0.191417	0.00432025
3.47883	1.77698	0.150889	0.364619	0.0384764
1.84282	0.54298	0.0926375	0.249402	0.113519
5.75659	0.381959	0.0207407	0.00513993	0.00027369
9.33612	3.22694	0.134024	0.0205618	0.0312502
3.0888	0.0563442	0.0552576	0.0101137	0.0693736
1.31741	0.165627	0.0373845	0.00158532	0.0066806
3.67383	0.73425	0.2818	0.086541	0.0669868
1.74293	0.366728	0.050784	0.0799045	0.011353
2.45616	0.493394	0.180746	0.00714245	0.0589424
3.61721	0.265426	0.1233	0.00375229	0.229181
1.86882	0.451033	0.312983	0.13494	0.119942
2.87932	2.65263	1.24917	0.00525588	0.0202014
2.85523	0.595664	0.00810988	0.30399	5.66514e-05
1.13956	0.340863	0.210122	0.0235133	0.000272993
3.76102	0.473438	0.197787	0.0215195	0.0444465
4.31066	4.10489	1.01238	0.0294423	0.0109366
1.93496	0.673608	0.0042673	0.0376796	0.0289594
1.75544	0.285237	0.0375643	0.263324	0.0784751
5.17028	0.510634	0.0786286	0.313941	0.025889
2.73551	0.707588	0.00873771	0.065351	0.0125292
2.14474	0.559504	0.0312254	0.0177891	0.0104587
4.4096	0.24601	0.030484	0.0824717	0.000517596
4.85789	0.520195	0.438691	0.0920289	0.00720878
1.38434	0.563908	0.037007	0.0739804	0.00772993
1.7136	0.935008	0.175989	0.0928687	0.0600201
4.60549	0.537651	0.550487	0.0389118	0.125442
2.0908	0.360323	0.277507	0.00326796	0.00923282
2.23429	0.136207	0.745853	0.0772166	0.0471413
2.19495	1.34708	0.390967	0.0498563	0.102016
3.46384	0.169232	1.12269	0.0015381	0.00313426
2.67709	0.311112	0.0981352	0.446936	0.0102683
0.952979	1.17218	0.0924999	0.236836	0.00011044
1.10965	0.437662	0.414067	0.387009	0.002836
1.81098	1.99395	0.00689115	0.00132828	0.041124
4.87836	0.293595	0.373229	0.020419	0.0115365
2.03409	0.648938	0.91086	0.0173464	0.00819729
1.53708	0.241948	0.158598	0.0607862	3.54652e-05
5.99706	0.211439	0.0427084	0.181421	0.0089011
1.96282	1.28958	0.680728	0.141748	0.00751822
1.54514	0.0538191	0.718971	0.0361303	0.00431391
1.23925	0.779028	0.0610922	0.0447928	0.150144
4.33505	0.43974	0.0589626	0.00881142	0.00105502
5.7967	0.591911	0.0172703	0.0690943	4.28847e-05
1.94927	0.361441	0.157734	0.047675	0.00229653
1.66738	1.30254	0.786834	0.206264	0.000145294
2.08235	0.268943	0.0161941	0.109519	0.0159339
0.999544	0.348923	0.520108	0.0113276	0.0585332
6.81864	0.138052	0.0178004	0.00142099	0.00150099
7.05972	0.550654	0.283071	0.231513	0.0286431
1.25185	1.36173	0.0737763	0.325734	7.35301e-05
4.42319	0.841835	0.0233586	0.199822	0.170537
1.45069	0.534412	0.163334	0.109861	0.0349304
1.96887	0.718944	0.490818	0.203227	0.000145428
1.43627	1.05532	0.41339	0.266248	0.0700084
4.86297	0.11275	0.0479984	0.0308708	0.429702
1.81067	0.912679	0.472926	0.515622	0.000719271
7.41494	0.285254	0.832497	0.256681	0.00768635
2.00349	0.644327	0.236105	0.219045	0.0286471
4.88608	0.186162	0.460323	0.0298886	0.0134927
2.52155	0.965334	0.101815	0.0229495	0.00297315
3.45798	0.660665	0.0499051	0.0204838	0.199344
3.27766	0.196137	0.262939	0.0856388	0.0206383
3.32525	1.6761	0.399398	0.108928	0.0526507
3.4273	1.29784	0.332321	0.0410119	0.00265857
5.96952	1.13133	0.0179792	0.0398898	0.00370603
1.55957	0.957791	0.148988	0.108632	0.000637432
1.24039	0.48765	0.900619	0.10126	0.0151667
2.37534	0.379792	0.593538	0.0365355	0.000144589
1.44353	0.00654704	0.167047	0.327678	0.0307932
7.51081	0.993762	0.211405	0.405661	0.0109821
1.11413	0.720905	0.12278	0.104226	0.0221761
6.595	0.277272	0.50058	0.236666	0.00707606
3.47227	0.212295	0.463255	0.0212513	0.0179223
5.3315	0.593018	0.286709	0.260466	0.00596683
4.02739	0.883866	0.0238975	0.0166889	0.00324206
8.49075	0.106863	0.783023	0.645238	0.0772924
3.88006	1.21204	0.873895	0.0020434	0.156286
1.60014	0.935159	0.307776	0.0392506	0.141019
1.17666	0.314316	0.13287	0.00861336	0.0199304
3.43868	0.511817	0.269713	0.0727059	0.00490412
2.05074	0.704113	0.0573848	0.349356	0.0454064
5.02824	0.237933	0.506884	0.0648628	0.00721447
1.74824	0.75175	0.980798	0.103585	0.0457611
2.61749	0.92591	0.0101588	0.0389764	0.00232204
1.9356	1.32812	0.0172416	0.224287	0.308639
3.0545	0.547288	0.32736	0.0482707	0.0124478
1.44482	0.630384	0.334874	0.0204837	0.000197784
3.00484	1.60218	0.582644	0.065956	0.0611786
2.06704	0.362067	0.0831882	0.0799709	0.13349
1.53835	1.46884	0.276312	0.108763	0.227745
1.10945	0.991885	0.1986	0.411805	0.0152169
6.1056	1.31459	0.0070811	0.0649296	0.0248521
3.76081	0.424493	0.0323457	0.132532	8.42464e-05
2.14894	0.519255	0.0470063	0.0210452	0.00464064
3.34114	0.534106	0.485833	0.161729	0.0591179
5.93448	1.98674	0.0615904	0.0101351	0.0751965
1.95202	0.357233	0.280909	0.145375	0.031075
4.04672	0.0683802	0.205609	0.176758	0.00101716
2.27097	0.354723	0.340121	0.200828	0.0595667
2.03727	1.0469	0.169676	0.184622	0.00906534
3.90918	0.139945	0.856082	0.00413999	0.0760301
0.943943	0.259028	0.214189	0.169183	0.000121887
2.59604	0.175187	0.152512	0.0752042	0.00373328
2.03774	2.20717	0.0548298	0.18012	0.000540496
3.96843	0.311249	0.873931	0.0222487	0.021588
4.976	0.96989	0.329106	0.00440128	0.0114478
3.45401	0.430706	0.112901	0.194118	0.0599797
3.42238	0.452586	0.3997	0.0667724	0.00299485
2.44103	0.819664	0.00335703	0.0790426	0.107386
2.68455	1.17256	0.175997	0.199278	0.00375559
2.84496	0.482393	0.108863	0.0280584	0.0407413
2.37558	0.429903	0.122568	0.0606592	0.238679
4.56147	0.509658	0.260293	0.0881032	0.00029887
3.26838	0.294223	0.888769	0.0678221	0.00158297
0.662346	0.237656	0.0609376	0.318232	0.0127544
6.41128	0.842125	0.188177	0.0480952	0.0571259
3.66358	0.591986	0.174672	0.00174135	0.0663479
5.10362	0.321555	0.227269	0.0369094	0.0434789
1.87218	0.903616	0.296879	0.0832389	0.00573868
8.96338	3.25616	0.27808	0.112076	0.0622357
6.31987	0.277755	0.386254	0.283263	0.0329165
1.57313	0.463588	0.11392	0.000583437	0.0330478
4.74356	0.0411421	0.0154897	0.105844	0.0222864
1.00366	0.332547	0.00434811	0.0828515	0.000163612
3.9693	1.22396	0.320621	0.0182849	9.72178e-05
1.51582	1.77627	0.0288522	0.295854	0.00463118
1.76302	0.270749	0.051527	0.0084808	0.00174543
1.89465	2.97456	0.0206019	0.00424615	0.00453897
1.61651	0.345303	0.181463	0.635307	0.00591919
2.41367	0.389512	0.373521	0.0517136	0.00112188
3.30448	0.239826	0.202137	0.171614	0.00696061
1.05153	0.258258	0.218911	0.190995	0.148203
3.21681	0.597737	0.421673	0.0943578	0.115141
5.08366	0.566336	0.0742222	0.0888015	0.0228754
8.14126	1.22139	0.340639	0.176747	0.00517399
3.23674	0.197509	0.901208	0.00781235	0.00127604
2.90508	1.11196	0.106369	0.0696423	0.00255684
4.25336	0.602035	0.372323	0.0828177	0.00618405
11.1082	2.61776	0.126072	0.0143385	0.0101861
5.24374	1.52597	0.239293	0.0368614	0.0642302
2.49674	0.979502	0.129597	0.0432496	0.0921682
1.32263	1.11518	0.157216	0.41553	0.408819
3.60448	1.72849	0.39718	0.0297778	0.000115042
2.3307	1.18009	0.103891	0.00115876	0.00243609
3.42964	2.15963	0.0416429	0.0846634	0.004384
1.76093	0.550204	0.505787	0.208796	0.0401155
5.18267	0.175211	0.163648	0.232548	0.00630221
4.88489	1.61637	0.440521	0.162222	0.102955
2.20999	0.399944	0.112401	0.0451389	0.00210327
3.41998	0.989277	0.562437	0.0826562	0.0259831
3.23944	0.497369	0.794999	0.23563	0.000842755
1.01957	1.17948	1.01776	0.0826539	0.00289761
3.33207	0.944767	0.187814	0.244352	0.175395
4.13181	1.91852	0.0415599	0.00394207	0.0430975
6.32144	1.04863	0.0615107	0.282592	0.00342179
0.831088	2.13867	0.84296	0.260178	0.0536228
2.15049	1.43705	0.678129	0.349573	0.00232463
5.87927	0.384873	0.250595	0.378355	0.248523
1.43207	0.236347	0.368635	0.0959772	0.000814524
1.0974	0.103411	0.171922	0.792394	0.000738298
4.25128	1.42537	0.0784011	0.0595576	0.226924
2.53635	0.995606	0.0310537	0.390524	0.0246163
1.52643	0.973377	0.500179	0.0458622	0.369245
2.28549	0.36489	0.22054	0.201423	0.0230738
1.4746	0.773669	0.501829	0.0146376	0.0400065
2.09042	0.176495	0.101264	0.00247403	0.151477
5.74701	0.479231	0.705168	0.00156519	0.0318829
3.91832	2.81424	0.130152	0.0411088	0.0170214
1.07676	1.14042	0.467122	0.0022176	0.0160556
1.13716	0.739682	0.294048	0.226309	0.00104117
2.3147	0.389799	0.204704	0.00484597	0.0936283
5.35473	0.278938	0.054564	0.0662443	0.35638
1.45374	0.444312	0.45282	0.0292054	0.00109692
4.50505	0.27965	0.620488	0.0378321	0.00934205
0.769666	0.234306	0.695714	0.565637	0.039501
3.78069	2.83352	0.208146	0.103364	0.00523673
4.26157	0.409812	0.596345	0.202536	0.0114023
1.55593	0.359404	0.174314	0.00440154	0.0109754
4.67992	1.00948	0.318443	0.00102827	0.0536428
4.51722	0.904029	0.200303	0.220527	0.0482671
1.68416	0.291034	0.676265	0.0455816	0.0711327
0.8064	0.710475	0.15188	0.361161	0.0512098
3.3175	1.17214	0.239281	0.0115506	0.00642547
2.25464	1.83448	0.118269	0.00366894	0.00174426
2.93961	0.831516	0.299148	0.0313594	0.0313
3.69423	0.449855	0.50711	0.131076	0.00106458
2.60398	0.416886	0.0252431	0.00377905	0.061073
4.64349	0.365343	0.267635	0.144033	0.0698629
3.04335	0.537181	0.0887852	0.0153763	0.0460243
2.63575	2.04877	0.168628	0.00158955	0.0462325
2.17683	1.21741	0.632387	0.267024	0.0528264
1.53831	0.64913	0.259728	0.0482996	0.00945973
1.90209	0.602484	0.0123662	0.115923	0.0581255
5.35708	0.140467	0.498987	0.118191	0.00399425
1.36442	0.560924	0.0267759	0.00227852	0.0149421
0.751379	0.778516	0.230311	0.0377579	0.0433018
3.91155	0.680013	0.0267875	0.0269227	0.0352369
4.28889	0.883785	0.053547	0.557247	0.313886
4.81814	1.12456	0.122161	0.0597723	0.0502095
3.92043	0.200798	0.172129	0.001184	0.00820809
4.20827	0.337418	0.0456424	0.024498	0.129715
2.74621	0.424827	0.376348	0.114711	0.0887362
1.95722	0.213182	0.0939328	0.137629	0.0928891
3.14617	0.875036	0.121561	0.0426604	0.000462991
1.43534	1.23913	0.0333689	0.183633	0.0186514
3.54458	0.580335	0.691225	0.0310598	0.00885519
4.06977	0.249864	0.142357	0.281109	0.00156145
3.70971	0.568276	0.473522	0.0411604	0.000397687
2.40088	0.425707	0.168909	0.217923	0.352267
3.71625	0.9734	0.107837	0.200875	0.033105
2.62321	3.00911	0.0296539	0.543544	0.362041
4.11109	0.160315	0.0182753	0.0161174	0.102019
3.87938	2.07	0.4371	0.13492	0.00646387
8.95566	0.612106	0.0570644	0.104705	6.02067e-05
5.58143	2.11691	0.189975	0.0910538	0.0204847
2.15014	0.417532	0.0735509	0.0577789	0.00371263
3.12179	0.37701	0.151995	0.273487	0.00124173
2.15526	0.188927	0.0751314	0.161704	0.269536
2.5925	0.0449129	0.481045	0.0299146	0.00035646
3.88189	0.8356	0.00932538	0.018912	0.0707065
1.81093	0.48244	0.00736072	0.136982	0.0402334
2.21086	0.688299	0.440408	0.0623707	0.000123679
1.99696	1.40683	0.660658	0.307813	0.00340037
0.61692	0.411905	0.682088	0.00187442	0.0187864
1.29187	0.595885	0.553065	0.0711413	0.062136
2.06957	0.189617	0.49898	0.290741	0.00310009
3.31796	0.238032	0.0126947	0.31107	0.0210587
2.93162	0.902526	0.182558	0.0696722	0.0249212
2.32811	0.473821	0.041115	0.277695	0.144707
2.87088	0.699161	0.245878	0.0817581	0.0184741
4.99278	1.13496	0.554315	0.00566723	0.0238019
4.22505	0.445979	0.139506	0.00089165	0.00481485
5.61892	0.401812	0.121934	0.0189111	0.140749
1.9073	0.0388689	0.254539	0.175905	0.020878
3.48604	0.724954	0.339093	0.0399919	0.0189198
0.833897	1.24581	0.533665	0.0128771	0.00694415
4.41077	0.511036	0.0779114	0.00525442	0.212839
3.38006	0.661156	0.100734	0.373154	0.0276417
2.04689	0.947734	0.062046	0.0872234	0.26124
4.35079	0.580938	0.0996812	0.198028	0.0525487
4.68199	0.447066	0.149606	0.0308236	0.00400071
3.46396	0.402931	0.162168	0.00972362	0.00688271
2.22256	0.861762	0.0597216	0.203371	0.0959422
3.77903	2.8764	0.502841	0.288891	0.00311893
5.57926	2.32797	0.402833	0.261401	0.0154653
1.84708	0.642166	0.169602	0.0103096	0.00313965
2.10539	0.904995	0.603637	0.175124	0.00861874
3.74674	0.841078	0.12602	0.000723836	0.0427484
1.45623	0.902927	0.0170778	0.0282484	0.00774052
3.67851	0.68178	0.11447	0.0140072	0.0171359
4.419	0.487547	0.0198471	0.166321	0.0112635
2.8134	0.537146	0.233227	0.00226945	0.154351
5.47468	0.933487	0.119582	0.00610071	0.00237556
5.28101	0.48648	0.11293	0.0056254	0.0351748
3.03253	0.858473	0.347434	0.193963	0.00367217
5.04861	0.467129	0.287888	0.0506006	0.000859635
2.5758	0.510499	0.0414903	0.108602	0.00371737
4.75938	1.59843	0.0375673	0.130053	0.00681305
3.77815	0.863854	0.00423199	0.0268457	0.056566
2.95664	1.22423	0.0633594	0.00264123	0.0409742
1.44883	0.227315	0.702698	0.0567054	0.0821343
1.45884	1.49388	0.0329894	0.888664	0.0243228
4.18829	0.48421	0.122381	0.0190186	0.0011112
1.91896	0.335449	0.109412	0.0565432	0.0192374
3.07963	0.475053	0.270431	0.188786	0.0542806
2.28832	0.895798	0.130996	0.0700714	0.0695142
5.33539	0.477736	0.246132	0.00186952	0.0125433
3.87518	0.173004	0.136013	0.228035	0.0775872
2.95487	1.64319	0.158809	0.11296	0.000714156
1.26145	0.601672	0.370986	0.0301172	0.214142
0.849848	0.882327	0.45176	0.104387	0.00230633
2.22436	1.35151	0.126051	0.039342	0.412562
2.24031	0.914374	0.146403	0.175955	0.0268926
6.45457	0.32263	0.13807	0.0682007	0.0931668
0.847068	0.395378	0.719708	0.03324	0.0292122
2.77112	1.29629	0.0986921	0.54398	0.00322678
7.04243	0.45553	0.129791	0.0102392	0.104375
0.93819	1.12887	0.115074	0.257993	0.0351644
3.20025	2.48543	0.0862063	0.275134	0.00908996
3.00756	1.11013	0.30793	0.0110267	0.0547378
1.72953	0.542384	0.121874	0.446396	0.0998172
3.45287	1.51598	0.134126	0.590428	0.0588852
1.24181	0.2573	0.0926515	0.0314937	0.0165237
7.39008	1.56957	0.0129246	0.0914626	0.0162166
1.42849	0.208644	0.0365492	0.0196276	0.00437415
3.81296	0.904389	0.0215945	0.0577957	0.0387909
2.90635	0.711842	0.356483	0.0340539	0.0804177
0.396864	0.651861	0.911542	0.0304081	0.0425604
5.55126	2.10375	0.0253117	0.00370558	0.470736
2.45086	0.974527	0.0774103	0.0158347	0.0142633
1.41083	0.496104	0.16855	0.0965507	0.0847443
3.64029	0.774884	0.86143	0.0557037	0.00045257
7.22561	0.438313	0.182863	0.0482674	0.0366649
1.56267	0.158128	0.318846	0.00234835	0.0284097
5.26841	1.12071	0.303546	0.0206842	0.00580946
5.09892	0.309126	0.0367018	0.428938	0.00156087
2.21379	0.561123	0.333645	0.0348677	0.0114851
2.41035	0.824813	0.688726	0.00223179	0.0909138
1.02654	0.0452053	0.144136	0.00221523	0.0177873
1.4974	0.268381	0.283661	0.0636855	0.11237
1.70321	0.882358	0.210913	0.000672854	0.0018724
2.93335	0.564752	0.308286	0.00249369	0.0314652
2.11633	0.117309	0.294045	0.0190023	0.00192412
2.96027	0.456211	0.184326	0.0891931	0.00104955
4.062	1.12175	0.386435	0.213038	0.159087
7.09282	0.0564112	0.432987	0.00817993	0.0199579
5.09384	2.23257	0.496842	0.215816	0.149563
2.06142	2.38209	0.224717	0.0443033	0.0460953
2.34401	2.31535	0.0259704	0.00276512	0.0100783
8.77454	0.439644	0.19669	0.0186407	0.0129982
3.76923	0.0472844	0.353488	0.0590814	0.000277616
1.93409	0.353281	0.595618	0.0464521	0.00306224
3.04561	0.462968	0.0477674	0.014013	0.168702
2.94453	1.38809	0.137414	0.00188709	0.000138972
3.47386	0.43955	0.0995259	0.0540723	0.00249345
8.07672	0.439295	0.483725	0.0633544	0.0981256
1.66308	2.0041	0.497814	0.0256368	0.102406
1.5059	0.602443	0.366736	0.17087	0.0153631
3.90456	1.1218	0.0590558	0.345665	0.00806495
2.04811	0.230298	0.0707509	0.0789517	0.196082
3.37058	0.747563	0.533315	0.00899808	0.00877818
3.46291	2.92654	0.286301	0.000735213	0.000861322
2.64938	0.492692	0.439117	0.0275155	0.101876
0.984531	0.272087	0.00407321	0.0372406	0.25075
2.06676	4.58863	0.482083	0.0377067	0.00220792
1.42938	0.160798	0.108285	0.463354	0.000372285
0.345009	0.294524	0.0924337	0.0155973	0.0200194
2.35272	0.409454	0.591424	0.00620348	0.00601551
1.28066	0.246928	0.148091	0.130439	0.000369643
2.18077	1.91544	0.926274	0.0510679	0.0669353
3.48103	0.396508	0.495452	0.271309	0.00957901
1.14114	0.634498	0.345555	0.0167048	0.0384675
3.86217	0.545377	0.114498	0.255476	0.0355535
2.18692	1.13877	0.136003	0.0102844	0.00463402
1.76221	0.33114	0.0954231	0.0455827	0.000698744
5.48889	1.66651	0.0943337	0.0835071	0.0126805
3.30664	0.424623	0.864907	0.106222	0.00434226
2.16227	0.0793168	0.280684	0.308454	0.0509154
4.9561	0.299725	0.205886	0.15149	3.48661e-05
2.70019	0.507071	1.30813	0.0876151	0.00270433
5.34618	0.401957	0.174892	0.0785387	0.029165
1.80692	1.00186	0.0911955	0.0697957	0.0050312
5.0259	0.701009	0.0216058	0.00387622	0.0070222
8.29749	1.11736	0.0121705	0.0411472	0.00181795
1.67257	0.178072	1.29171	0.143726	0.00303192
1.20895	2.26297	0.195608	0.0979092	0.108371
3.5053	0.946786	0.185444	0.105995	0.0101235
5.85208	0.943228	0.387466	0.303956	0.171369
3.02266	0.349337	0.0431306	0.0179456	0.030671
3.91348	0.678275	0.139535	0.223374	0.139093
1.67479	0.785077	0.0236827	0.11076	0.0209142
1.92577	0.796877	0.0634726	0.115823	0.164443
1.48718	1.08172	0.208465	0.00332638	0.00129534
4.66425	1.18564	0.317852	0.101869	0.00397819
3.4859	0.348223	0.0161644	0.00276486	0.114303
3.88884	0.294489	0.0849133	0.0938517	0.000298231
2.49798	0.169548	0.135032	0.0499638	0.0598487
3.16561	0.61179	0.243213	0.378237	0.0720519
4.94454	1.14777	0.164782	0.114193	0.00528666
1.55276	1.94084	0.169151	0.0466852	0.135885
2.49627	0.838827	0.277184	0.00322599	0.00513498
1.9496	0.455813	0.0356017	0.174992	0.0921386
3.79419	0.217356	0.112978	0.799098	0.0269795
3.06762	1.03633	0.152649	0.0263756	0.0025327
1.18482	1.75348	0.748087	0.378522	0.0538308
1.85249	1.17181	0.0237593	0.0581029	0.0062198
0.958915	1.45854	0.421322	0.00263263	0.010881
3.03525	1.25812	0.230357	0.0733078	1.66832e-05
0.801712	0.75277	0.317241	0.0862937	0.431553
3.67128	0.827183	0.713483	0.00997324	0.0288146
5.09889	0.697774	0.298353	0.0463348	0.00398794
1.25142	0.527708	0.0244136	0.0166701	0.0110759
1.52438	0.531931	0.463318	1.79027	0.0338326
3.17247	0.325029	0.100376	0.00716688	0.0266601
4.81943	1.40962	0.133146	0.233258	0.0300975
2.69583	1.37204	1.13353	0.0577443	0.00138631
3.68583	0.237619	0.501795	0.0279468	0.0603143
1.14897	0.11552	0.0952755	0.0645678	0.0676772
1.59392	0.289588	0.338045	0.0650801	0.0141246
2.09089	1.35481	0.149335	0.00454087	0.0141036
2.26972	0.330667	0.471876	0.070677	0.0301728
4.85274	0.607919	0.112189	0.0121503	0.000256269
4.29985	0.737628	0.0325773	0.0156702	0.224516
1.32418	0.199233	0.457891	0.0784924	0.0195527
5.89748	0.505185	0.26942	0.202995	0.010404
4.96802	0.285777	0.201885	0.00930413	0.0105983
2.55559	0.54619	0.0892397	0.0551974	0.0181219
6.74734	1.65996	0.677988	0.0856262	0.0138099
1.82103	1.63865	0.049573	0.201744	0.00187741
5.3857	0.250009	0.0541726	0.00792355	0.0287225
2.5679	0.703052	0.0366267	0.0217124	0.0219106
2.36928	1.28646	0.181336	0.0562772	0.0555241
1.64391	0.384619	0.0176015	0.0570993	0.00682184
4.47174	0.713989	0.138965	0.0108449	0.13213
1.78548	0.400057	0.164209	0.167247	0.0185028
1.27742	0.767873	0.218489	0.0187287	0.000436293
1.00778	0.772487	0.127712	0.0569315	0.00150111
4.1692	0.266425	0.280521	0.0525582	0.00989292
2.16365	2.01386	0.0442702	0.0374973	0.00386314
3.44567	1.46592	0.0648983	0.0110456	0.0125101
2.46796	1.06605	0.00511945	0.149056	0.0167023
5.56244	0.194556	0.441373	0.00270997	0.0010039
5.25862	1.4433	0.196634	0.0166444	0.0301159
1.6417	0.204168	0.168996	0.0821817	0.00406567
2.6773	0.870366	0.381527	0.206348	0.0588477
3.76416	0.505705	0.199474	0.0497209	0.109881
2.66094	1.00246	0.0888609	0.223544	0.00423566
1.92391	0.483098	0.225343	0.00668906	0.0488431
3.32153	0.768632	0.680942	0.0978337	0.0010825
1.29165	0.281119	1.73659	0.093451	0.00016258
1.04415	0.233965	0.333327	0.0590505	0.0550613
3.27023	0.590184	0.0553176	0.00640881	0.00620247
3.67683	2.02813	0.155883	0.116356	0.156332
1.57281	0.426437	0.0882809	0.164104	0.0600022
1.07205	0.628867	0.636266	0.0937725	0.0562309
5.06998	0.244414	0.698242	0.135211	0.0185905
1.60972	0.76232	0.0361174	0.148242	0.0980757
3.75092	0.998314	0.162208	0.00682184	0.023346
4.44799	0.317197	0.19157	0.0786382	0.0189862
3.40685	0.325393	0.125191	0.0360443	0.00213694
2.55741	1.83578	0.176823	0.0295091	0.0394
1.85396	0.723123	0.444025	0.00437349	0.0580644
1.86093	0.382591	0.706865	0.030635	0.105791
1.31699	0.972839	0.0412416	0.0782163	0.00579744
0.578595	0.94177	0.0283231	0.143459	0.0121623
1.61119	0.748823	0.143339	0.000866558	0.00275032
1.17529	2.41553	1.2204	0.00308035	0.0182871
3.40054	0.576686	0.525086	0.0992744	0.0230319
0.961347	0.284534	0.165905	0.00126681	0.00145909
1.05311	0.467878	0.361949	0.181842	0.173461
1.66624	1.67304	0.151648	0.0305116	0.472701
2.44866	1.00302	0.427867	0.22252	0.00843195
1.97119	0.583273	0.0530417	0.0305581	0.081907
2.57681	0.23771	0.123735	0.313013	0.0606722
3.23299	0.574569	0.0322832	0.0317268	0.0492331
1.97001	0.40209	0.535764	0.0793345	0.0399711
0.793512	0.631271	0.397761	0.111836	0.0101936
3.35342	0.323985	0.623522	0.418752	0.0129576
2.20568	0.857364	0.359847	0.188013	0.0444495
2.81699	3.5445	0.0489057	0.0422852	0.000599342
2.30875	0.957227	0.214737	0.012425	0.000165968
2.88085	0.261186	0.176781	0.0297082	0.018263
3.31833	0.286767	0.258609	0.40107	0.000935807
1.49699	0.461575	1.16272	0.0233106	0.0161053
2.80473	0.637127	0.0435071	0.0227298	0.00113881
2.44244	0.814486	0.0169241	0.00576656	0.231835
4.23767	1.89735	0.751246	0.0111308	0.0626052
1.92558	0.197395	0.0371625	0.0784538	0.00274399
4.30151	1.02185	0.369215	0.198741	0.0276907
4.08999	1.13599	0.112634	0.00196299	0.00570914
1.96885	1.19069	0.582856	0.00538739	0.00709967
5.61313	0.338467	0.185876	0.00590613	0.0209986
4.99027	1.13904	0.527805	0.00886982	0.0243598
4.13992	0.434837	0.717092	0.0203207	0.00841545
2.282	0.892732	0.140875	0.00347184	0.000704886
2.82537	0.324885	0.232295	0.157518	0.00789002
2.33574	0.443467	0.936499	0.0815818	0.0568546
2.73901	0.143107	0.152265	0.139811	0.0405881
1.61987	1.38489	0.00831306	0.0196073	0.124412
6.45297	0.867424	0.11846	0.1135	0.0924856
2.04106	0.23771	0.0125294	0.0623244	0.0265064
1.74431	1.76086	0.0560184	0.00686854	0.00139754
3.07181	0.270115	0.0230274	0.00466082	0.022952
1.62082	0.56936	0.0389754	0.018771	0.0154864
4.10117	0.414165	0.204561	0.691826	0.00504381
1.95863	0.396259	0.125321	0.00888325	0.00699979
3.66271	0.26933	0.042135	0.0272338	0.00248251
3.77369	0.983855	0.131734	0.020595	0.181031
1.60049	0.970648	0.981127	0.00195815	0.211044
1.70889	0.155739	0.427848	0.433783	0.0792969
2.972	1.15291	0.044634	0.0324915	0.0148167
2.04712	0.747039	0.111588	0.0656797	0.00404216
2.43331	2.10754	0.927128	0.230202	0.00855556
2.53765	2.5257	0.0520595	0.0224602	0.00316234
3.54152	3.72615	0.442845	0.331647	0.0125329
2.21189	2.40693	0.447593	0.0560141	0.0217879
2.07912	1.0556	0.0582031	0.0180985	0.0100349
0.781038	0.744573	1.32668	0.156726	1.34131e-05
2.22558	0.551913	0.205991	0.203354	0.00493707
4.49714	0.270074	0.00316432	0.000177996	0.00933006
2.98514	0.872593	0.075843	0.0106253	0.0136012
2.92439	0.314365	0.134572	0.0517045	0.00219956
4.14226	0.547573	0.484345	0.0716831	0.104197
0.75085	0.56611	0.0367226	0.108366	0.010671
3.34746	1.27664	0.489381	0.0485198	0.0264214
1.48564	0.826097	0.106876	0.0247873	0.00055412
3.47338	0.276684	0.0890707	0.086247	0.0206854
1.6617	1.74287	0.238605	0.0302797	0.0357953
5.2781	1.14151	0.104818	0.372698	0.0802495
2.05297	0.115566	0.322753	0.0231259	0.0479723
5.99711	1.49306	0.580543	0.0472938	0.00994348
3.30115	0.567187	0.817953	0.138785	0.00881528
1.8345	0.266317	0.142054	0.303266	0.186483
5.66996	0.427539	0.225149	0.103631	0.00618062
3.72794	0.549787	0.589583	0.346502	0.0936315
2.71811	1.12487	0.239138	0.0131304	0.138945
2.91524	0.233654	0.284725	0.00314806	0.0968152
3.97954	0.0551799	0.1462	0.0636002	0.000608304
2.75335	0.955553	0.287865	0.0320395	0.179431
3.91325	2.32962	0.519972	0.0516887	0.0288149
4.17263	0.664751	0.594815	0.0220099	0.0211789
2.37203	2.90852	0.24037	0.135946	0.000621238
5.50747	2.57766	0.280275	0.0363672	0.215181
2.50822	0.922996	0.262554	0.0269302	0.0135278
1.29875	0.364156	0.18885	0.31377	0.0390258
2.31645	2.08849	0.26186	0.00598824	0.000176382
7.55035	0.175279	0.0327781	0.00269166	0.0785995
5.02479	1.45256	0.0551957	0.166946	0.0392201
3.68083	0.269479	0.925304	0.274349	0.0193494
5.54629	0.201356	0.0797331	0.0362175	0.000695099
6.98325	1.32353	0.183166	0.00716693	0.0218678
1.13344	0.725142	0.170123	0.267106	0.00765697
7.46642	0.787016	0.0479049	0.291865	6.07196e-06
2.11581	0.444459	0.608109	0.272617	0.148177
3.7071	0.652431	1.3668	0.0478999	0.000647474
2.14144	0.863863	0.119963	0.218937	0.00281138
3.62708	2.22696	0.802284	0.000326932	7.87444e-05
1.14757	0.561358	1.63802	0.162413	0.00082118
3.68034	1.01789	0.0884609	0.0092917	0.00392105
6.75311	0.47092	0.168507	0.0434319	5.7816e-05
1.28389	0.356186	0.262734	0.0299372	0.10862
3.62493	0.339261	0.46021	0.0981061	0.111227
