
.864763474
.964719261
.925345653
.951136568
.840376085
1.049579459
.882703483
1.170329730
1.086008776
1.129295790
1.246937504
1.140208458
.853643935
.921772444
1.188170773
.910769819
.837864111
1.042949095
1.216536169
.966919395
.999184438
.794077175
.867473586
.957852625
1.126589656
.948507539
.945418678
.946551639
.871426311
.855153130
.927569182
1.093005035
.924449381
1.226148326
1.103731716
1.088156178
.841802379
.975072153
1.094998020
.894546014
.946251252
1.077013312
1.024237340
1.132291830
1.012682901
.964822135
1.011390003
1.022433065
.943657982
1.037395469
.926297096
