
1.883719581
1.130834673
1.072844016
1.029680132
1.086501858
1.181770541
1.037192866
.974426408
.990519259
1.001453369
1.225869806
1.202668809
1.129082568
.990233748
1.170361651
1.312406468
1.291413567
1.214697957
1.220939514
.954002500
.982644396
1.229806957
1.303956604
1.301987156
1.273776737
1.318998279
1.067634497
.995531892
1.223250834
1.148925605
1.029864230
1.043929107
1.188947688
1.300458543
.975468853
.995483492
1.046859010
1.099794918
1.250884505
1.287778336
1.023488228
1.190507797
1.052368423
1.069899024
1.202308635
1.100651449
1.087539624
1.063050337
.983383802
.918746439
.904709570
