
.423100907
.423327751
.323261264
.423342417
.481797867
.289938478
.440012297
.281649040
.289922204
.289974237
.306598997
.289966134
.256669120
.306672540
.406619528
.381552587
.289970744
.290026617
.298300969
.306635036
.306576509
.306699639
.314971826
.273320211
.289933310
.295261136
.306573785
.331668105
.289960338
.256619392
.265211382
.306624629
.281699884
.273266015
.290003360
.289989880
.430508252
.248334774
.356494166
.298302716
.406684481
.439917452
.464982369
.428536219
.503908086
.456698517
.414930338
.431697855
.406635522
.423278442
.464822782
